4670
5207
2375
1224
1916
2180
1327
895
655
452
346
299
311
306
290
291
266
300
279
346
323
320
324
343
386
371
432
408
456
479
554
582
670
783
843
811
863
968
1005
1150
1226
1320
1384
1455
1716
1787
1930
2295
2526
2939
3405
4046
4308
4684
4820
4620
4561
4369
3987
3776
3587
3453
3390
3249
2921
2673
2550
2345
2293
2174
2250
2254
2106
2113
2219
2146
2197
2211
2169
2244
2196
2250
2291
2269
2203
2286
2246
2103
2208
2231
2319
2283
2235
2197
2235
2303
2258
2219
2272
2309
2213
2304
2240
2331
2328
2341
2300
2298
2304
2390
2459
2433
2474
2355
2431
2402
2483
2567
2503
2565
2558
2663
2676
2691
2722
2760
2796
2852
2855
2808
2851
2875
2812
2765
2816
2869
2916
2855
2801
2839
2792
2811
2794
2858
2652
2870
2674
2765
2704
2728
2687
2750
2762
2762
2703
2798
2721
2719
2696
2694
2714
2702
2606
2690
2717
2607
2662
2572
2598
2507
2606
2431
2573
2528
2432
2577
2470
2467
2564
2351
2409
2397
2389
2346
2399
2398
2362
2421
2447
2455
2468
2344
2343
2369
2396
2360
2301
2395
2346
2334
2342
2248
2335
2348
2254
2209
2303
2339
2329
2229
2195
2210
2115
2251
2315
2283
2278
2220
2207
2188
2223
2327
2138
2127
2262
2233
2152
2194
2181
2239
2256
2300
2191
2227
2242
2135
2187
2174
2117
2078
2164
2148
2102
2112
1958
2041
2002
2040
2034
1989
2047
1963
1973
1990
1995
2042
1930
1968
1947
1952
1966
1987
2043
1886
1992
1917
1984
2012
1965
1971
1959
1932
1960
1966
1988
1842
1927
1812
1897
1920
1855
1861
1908
1804
1759
1870
1836
1753
1874
1804
1851
1841
1722
1690
1662
1715
1692
1635
1646
1580
1647
1600
1552
1547
1564
1545
1455
1499
1494
1389
1490
1368
1469
1382
1418
1368
1264
1427
1326
1395
1300
1340
1336
1348
1311
1327
1303
1283
1273
1300
1324
1321
1240
1301
1338
1235
1248
1264
1210
1206
1287
1211
1243
1140
1238
1209
1188
1208
1253
1218
1169
1182
1208
1219
1191
1160
1098
1145
1149
1140
1146
1160
1146
1194
1126
1174
1237
1147
1133
1230
1167
1158
1152
1207
1163
1173
1242
1239
1226
1245
1284
1302
1248
1270
1313
1348
1353
1297
1359
1402
1394
1443
1467
1555
1591
1661
1670
1759
1888
1893
1878
2021
2130
2226
2323
2459
2565
2758
2909
3089
3243
3310
3570
3792
4056
4241
4356
4417
4658
4902
5051
5156
5319
5373
5502
5692
5704
5703
5576
5606
5586
5475
5593
5359
5279
5126
4984
4554
4405
4206
3980
3772
3475
3281
3028
2931
2525
2372
2237
2036
1793
1749
1533
1407
1283
1222
1033
953
919
781
747
678
620
562
512
490
483
438
381
352
376
368
307
340
341
351
316
299
338
319
324
304
305
313
283
302
256
274
295
285
297
300
279
296
264
291
250
276
245
287
257
288
311
280
278
269
260
277
271
263
316
277
271
299
274
267
271
289
260
266
262
266
269
264
242
264
252
225
219
241
243
235
282
249
231
258
225
242
242
229
237
252
232
214
225
230
213
241
228
246
252
263
232
233
239
222
240
215
236
232
218
262
242
227
244
271
223
241
250
229
245
242
236
214
284
252
260
238
258
235
254
228
246
236
240
246
225
238
233
236
232
264
237
238
262
249
239
240
241
241
220
245
239
236
238
246
233
235
207
226
227
225
212
218
219
240
217
206
191
209
230
180
232
195
209
255
223
210
196
198
208
202
190
198
179
213
196
183
173
172
179
164
197
163
181
183
194
179
175
189
180
169
162
169
152
178
177
169
164
176
183
182
161
166
144
157
162
146
142
158
161
158
159
172
157
186
158
159
166
164
178
177
171
159
184
185
170
176
171
162
150
176
181
170
209
208
176
202
178
169
188
181
193
196
183
186
205
189
195
207
170
215
189
183
180
181
171
192
184
188
195
163
188
182
178
163
161
165
176
179
171
136
171
179
182
149
166
182
153
169
158
143
159
154
143
139
156
178
138
163
146
149
129
136
140
149
138
138
152
143
134
135
125
137
115
126
145
142
122
142
127
137
138
117
139
121
114
102
144
112
131
120
104
126
117
111
115
105
99
128
92
92
99
100
97
92
95
99
104
89
87
97
103
93
90
79
104
99
85
113
94
92
105
87
85
74
80
96
90
92
95
89
92
100
74
77
73
94
86
96
74
93
97
89
74
77
87
79
61
73
80
85
77
83
76
69
79
97
76
81
69
81
73
70
76
80
87
88
104
81
95
99
90
103
83
91
103
101
86
82
108
114
97
105
118
118
115
123
120
131
149
131
124
131
129
140
141
158
155
148
154
162
162
171
153
158
180
174
172
187
190
196
189
215
192
207
205
220
223
205
240
232
234
246
229
219
216
228
219
239
207
228
234
212
207
212
218
185
187
190
197
183
165
174
189
181
147
161
141
135
150
121
138
140
122
114
129
104
107
108
98
102
103
94
92
79
84
78
81
81
63
62
58
62
64
61
76
58
55
44
46
72
55
52
45
50
49
47
57
42
44
40
43
42
51
38
44
35
42
40
37
43
37
45
44
37
46
40
45
37
42
37
42
42
41
33
40
39
39
36
41
41
21
35
33
33
25
42
36
33
41
28
25
31
43
31
30
24
37
26
22
38
29
40
38
26
28
35
32
35
38
39
44
32
23
40
34
38
39
44
33
25
28
28
37
34
38
41
28
39
38
37
30
29
34
44
34
33
38
29
36
32
35
33
35
42
38
52
41
36
29
39
41
44
57
35
53
51
37
43
42
38
46
46
33
46
41
43
43
39
33
40
39
35
48
48
41
31
42
50
40
36
41
39
49
48
44
36
54
43
45
37
31
36
34
35
27
22
28
32
29
22
36
39
35
25
35
39
26
41
29
32
31
26
23
25
27
26
35
23
22
23
23
31
25
28
22
33
22
25
23
22
27
26
21
25
15
20
19
22
16
26
24
21
20
17
16
15
26
19
16
26
31
22
14
19
9
11
14
17
19
18
14
19
19
18
15
13
23
20
20
24
15
18
24
11
21
23
22
15
18
16
16
18
16
18
14
14
11
21
20
24
18
15
19
17
14
17
16
20
12
16
27
19
11
14
16
6
13
11
14
17
17
21
14
24
14
14
19
14
25
18
20
14
14
15
13
14
22
20
14
15
29
16
21
11
12
10
10
11
23
14
18
18
22
17
23
16
22
20
20
18
14
17
16
22
18
16
16
23
18
24
20
22
32
21
21
18
22
23
18
29
17
18
20
26
15
18
17
26
23
18
31
21
22
17
20
22
18
18
18
19
29
13
19
22
16
22
29
28
17
21
21
23
17
16
21
27
27
19
20
23
23
22
24
26
23
23
20
19
20
19
18
22
25
20
23
22
22
14
21
17
22
20
14
10
20
23
21
15
18
17
18
19
20
29
19
26
18
24
10
21
19
17
14
17
17
16
19
22
20
20
10
19
13
16
21
18
15
18
16
12
12
22
20
17
14
17
11
18
14
11
8
14
19
14
15
18
18
16
19
11
17
16
10
11
21
20
20
10
19
17
15
12
10
12
5
13
12
10
21
13
14
13
18
9
11
11
12
10
10
13
14
12
7
10
12
9
6
3
13
14
10
7
8
8
11
11
11
8
15
8
10
8
13
9
11
9
8
6
10
6
7
6
14
6
9
5
12
9
12
9
6
4
9
8
9
12
7
6
9
10
6
5
9
6
5
11
15
15
6
10
4
7
10
8
10
8
7
8
13
4
4
9
3
6
14
5
9
8
15
11
5
14
9
8
5
9
8
4
11
10
5
7
9
4
6
5
9
7
11
15
9
9
6
17
8
9
13
13
11
14
11
13
13
10
14
14
14
15
14
11
9
11
13
16
13
12
16
11
15
9
16
23
18
17
13
18
24
15
22
17
25
16
15
28
21
13
17
22
21
19
23
21
23
25
7
16
22
18
13
14
18
19
12
22
15
16
16
17
16
18
10
17
17
12
15
18
21
18
15
10
14
8
15
12
13
16
6
9
11
13
15
8
15
10
12
6
9
6
8
12
11
13
9
5
11
13
11
9
9
10
6
5
5
8
5
4
2
6
8
6
2
4
10
4
2
6
3
4
7
4
3
6
7
7
1
3
5
2
4
3
5
2
3
2
2
3
1
0
1
4
6
1
4
4
4
3
0
0
1
6
2
8
3
0
7
5
1
3
2
1
3
2
3
3
2
0
3
0
3
1
0
2
2
1
2
2
4
3
3
3
8
0
1
1
1
4
1
2
2
0
0
1
3
3
1
2
1
2
3
1
2
2
3
2
1
3
4
1
2
2
1
1
1
1
2
3
4
4
2
2
2
5
2
3
2
4
0
2
2
2
2
0
1
0
3
0
2
4
1
0
1
5
3
3
2
2
1
4
1
2
1
2
5
2
1
2
3
5
2
3
0
0
1
2
1
5
2
3
1
1
4
0
4
2
4
1
0
3
2
4
3
0
2
1
3
1
6
1
2
4
1
2
1
2
4
0
0
1
0
0
4
1
3
3
1
1
3
2
2
3
2
4
5
1
1
2
2
0
3
1
1
4
5
4
1
4
1
3
2
1
1
2
4
1
0
2
2
2
2
4
0
4
5
2
5
1
2
3
1
1
3
3
3
3
0
2
3
1
1
1
3
3
0
3
1
2
1
1
0
5
1
3
2
1
4
3
4
1
3
2
2
4
3
3
2
2
3
8
1
1
1
1
2
3
2
7
3
2
3
3
1
2
2
3
3
0
2
1
1
1
3
2
2
2
2
4
2
1
2
1
1
2
1
1
2
2
4
2
3
3
1
2
3
2
6
0
2
0
4
3
2
3
0
0
3
2
1
2
4
1
1
2
1
1
2
2
2
1
0
1
1
1
4
1
2
2
2
3
1
3
8
4
1
4
1
4
1
2
2
2
1
3
0
1
1
2
1
2
1
2
8
4
3
1
3
3
2
2
2
0
1
0
3
4
2
3
6
1
4
3
1
2
0
2
2
5
3
0
2
0
1
0
1
3
3
3
1
2
1
0
1
4
5
2
1
1
2
0
1
3
2
3
2
1
3
2
1
6
1
4
2
2
4
0
1
2
3
2
1
0
1
3
4
3
2
2
3
1
1
2
1
1
1
1
0
2
3
1
1
5
0
2
2
1
6
2
3
4
1
3
5
2
1
0
1
2
2
0
4
3
2
4
3
3
1
0
3
2
2
1
2
3
4
1
1
1
1
1
0
0
3
5
3
1
2
2
1
1
3
3
2
1
2
1
3
0
1
2
3
1
1
1
1
1
0
4
1
0
1
3
0
2
0
0
1
2
0
2
2
1
0
2
3
1
1
2
2
5
0
2
2
2
2
3
6
3
4
1
0
0
2
1
1
2
4
1
2
0
0
4
2
1
0
0
0
2
0
0
1
3
1
1
1
5
3
1
1
1
1
0
2
1
1
4
2
1
1
1
4
3
3
1
0
0
1
2
2
0
2
0
4
2
1
0
1
2
1
1
2
1
2
1
2
1
1
3
4
3
3
1
3
2
3
2
0
1
3
0
2
3
6
2
2
2
2
0
0
0
3
2
3
2
1
0
2
0
1
0
1
0
1
3
0
3
3
1
2
1
3
0
1
0
0
2
1
2
2
1
2
0
1
0
2
0
1
1
2
5
1
6
0
0
3
2
2
4
3
1
2
2
0
0
2
4
2
4
2
4
3
3
1
2
2
0
4
5
4
2
2
2
2
1
2
3
1
0
2
0
1
2
0
1
1
1
2
3
0
2
0
2
0
1
3
1
4
2
2
1
1
0
2
0
4
1
0
4
1
3
1
1
0
3
2
2
1
1
5
0
2
1
4
0
0
2
2
0
5
1
3
0
3
2
2
3
1
1
1
2
2
2
1
3
0
1
1
1
3
0
0
0
1
1
3
1
4
2
4
3
0
1
2
0
1
3
1
4
1
2
0
1
1
0
1
1
1
1
2
2
1
2
2
3
1
2
0
4
2
0
3
2
3
1
0
0
0
1
0
1
5
2
1
0
2
1
2
1
2
1
3
2
3
1
1
1
2
2
1
2
3
2
1
1
1
1
4
1
4
1
0
4
1
0
1
2
2
3
2
1
2
1
0
2
1
1
2
1
2
1
0
1
1
0
1
1
3
0
3
3
1
3
2
0
1
1
4
1
2
1
0
0
0
3
1
1
1
2
2
1
2
2
2
1
1
1
1
1
0
1
2
2
3
5
2
1
0
1
1
2
2
2
1
2
2
1
1
3
1
1
1
1
2
3
1
2
3
2
1
0
0
1
3
2
2
0
1
0
2
1
2
1
0
2
0
3
2
3
0
3
0
0
3
2
3
3
2
1
1
1
0
1
1
0
4
0
1
1
3
3
0
2
3
1
1
1
3
1
3
2
1
0
1
4
1
1
3
0
2
1
0
0
2
3
2
2
2
2
0
2
3
1
1
1
0
2
5
3
4
1
2
2
0
3
0
3
0
0
0
0
3
2
4
2
1
0
1
1
1
3
3
1
2
0
2
3
0
2
0
1
2
2
1
2
2
1
2
0
0
4
2
0
4
3
2
0
3
1
1
1
0
3
1
1
0
2
0
0
2
2
0
0
3
3
3
2
0
2
2
3
3
2
3
0
1
1
2
0
2
1
2
1
2
3
2
5
1
1
2
3
1
1
1
1
0
4
2
1
6
2
0
2
3
3
0
1
2
0
3
2
1
2
2
1
2
0
1
0
2
0
1
1
1
3
3
1
0
1
4
3
3
1
1
1
0
2
2
0
0
2
0
2
0
0
3
0
1
5
4
2
2
4
0
0
3
0
0
2
2
1
2
4
0
4
0
3
1
2
0
3
1
1
2
1
1
0
0
1
1
3
1
3
3
1
1
1
1
3
3
1
0
3
2
2
2
0
3
1
1
0
0
2
1
0
2
0
2
3
2
2
2
2
1
2
0
2
1
2
1
1
1
4
0
1
0
0
0
2
0
2
4
1
0
2
2
3
1
1
2
0
3
4
4
1
3
3
1
0
0
1
1
4
2
4
3
3
1
2
1
0
1
3
2
2
2
0
1
2
0
4
5
1
3
2
2
3
5
1
3
0
0
1
2
2
2
3
1
2
0
1
1
4
5
2
2
1
1
2
2
0
2
1
1
3
2
2
0
4
1
1
3
0
1
1
2
2
3
1
1
2
2
1
3
2
2
1
5
0
1
2
0
0
1
4
1
5
2
2
2
0
3
3
1
0
0
0
1
1
2
1
3
1
3
2
1
2
4
0
4
0
1
1
1
3
2
0
0
1
1
3
1
3
2
1
1
3
2
1
3
1
2
3
1
2
0
1
0
2
2
1
2
0
2
3
2
2
0
2
1
2
1
0
0
3
4
3
4
3
1
0
4
3
1
0
2
1
1
0
1
0
1
0
1
0
2
1
0
0
2
4
2
0
2
1
3
3
2
3
1
2
1
1
4
1
3
3
3
0
1
0
1
3
0
2
2
1
1
1
0
1
1
0
0
0
2
0
1
1
1
1
0
1
0
1
2
1
0
2
2
1
1
0
4
1
0
1
1
1
2
0
0
1
0
0
1
1
3
1
1
0
1
1
1
2
0
0
1
2
0
0
1
0
2
0
2
2
2
3
1
2
0
1
1
1
0
4
1
3
1
4
1
1
2
1
1
3
1
1
1
1
2
0
2
0
2
0
0
0
2
3
0
0
3
1
2
0
1
1
3
4
4
0
2
0
1
1
1
1
1
1
0
3
0
1
1
0
1
0
1
1
1
3
2
1
1
1
2
3
0
0
2
1
1
1
3
0
0
1
1
1
0
1
0
3
1
4
1
0
1
0
0
3
2
2
1
2
1
0
4
1
0
1
0
1
2
1
0
2
0
1
0
2
3
0
3
2
0
3
0
1
1
2
1
0
0
1
1
2
1
2
1
0
1
2
0
1
1
1
3
1
2
1
1
0
0
2
0
0
0
3
4
2
3
3
1
3
1
2
1
0
5
1
1
0
1
2
0
1
1
1
0
2
1
2
0
0
0
1
3
0
1
0
0
4
2
2
0
3
2
3
2
0
1
1
1
2
0
2
2
2
1
1
0
1
1
1
1
2
1
1
1
0
0
1
1
0
4
0
3
4
1
0
1
0
2
0
0
2
2
4
2
4
2
1
1
2
1
2
1
0
2
2
2
1
2
1
0
3
3
0
2
2
4
0
2
1
2
1
2
4
1
4
1
0
1
0
2
2
3
1
1
1
1
1
1
1
0
1
1
4
3
0
1
5
1
2
3
0
1
0
2
2
1
2
1
1
2
0
2
0
1
2
3
2
0
2
1
0
1
1
0
0
0
2
1
1
1
1
3
4
2
0
2
0
1
3
0
2
0
2
4
0
1
0
1
2
2
2
1
0
2
2
0
0
1
0
0
0
1
1
3
1
0
1
0
4
1
1
3
1
0
0
2
2
3
0
1
0
2
3
1
1
0
1
1
0
3
0
1
0
0
1
1
3
1
0
1
0
0
2
1
0
0
0
2
2
2
0
4
0
0
0
2
2
2
1
2
0
0
1
2
2
3
0
0
2
2
1
1
2
0
1
1
1
1
0
3
1
1
0
3
0
0
3
3
2
0
1
1
2
0
2
3
2
3
0
2
1
0
2
3
2
1
0
3
0
1
0
2
2
3
1
1
2
2
2
1
1
1
4
2
0
2
0
1
0
3
1
3
1
0
2
1
2
1
2
3
1
3
3
1
2
0
2
0
0
0
0
0
0
2
0
0
1
0
3
0
1
0
2
3
1
2
2
2
3
2
0
2
0
4
2
5
2
3
2
0
1
0
1
1
3
0
2
2
2
2
2
2
1
3
1
1
2
3
4
1
2
1
0
0
2
1
2
1
0
1
3
2
0
0
1
2
2
2
4
0
5
1
0
1
0
1
4
0
1
3
1
1
2
1
3
1
0
0
2
1
0
2
1
2
2
1
2
1
2
0
3
1
0
1
1
2
1
2
3
1
2
2
5
1
3
2
1
3
2
1
1
2
0
0
2
1
1
1
1
1
4
1
0
1
4
1
4
0
0
0
1
2
2
4
0
3
1
2
0
1
1
2
0
0
1
1
1
0
2
1
3
0
1
2
1
3
2
0
0
1
1
2
3
0
2
2
2
2
3
0
0
2
0
2
4
2
0
1
2
0
1
1
0
2
2
0
0
2
0
0
1
2
3
1
0
2
0
2
1
1
0
1
6
0
2
1
0
2
0
0
2
1
1
1
0
2
4
2
1
3
5
0
0
0
1
2
3
2
0
2
4
0
2
1
3
2
0
1
1
4
1
0
1
2
1
4
1
0
5
0
4
0
1
2
1
1
0
0
1
0
1
3
1
1
2
1
1
1
1
3
4
2
1
0
0
0
1
2
1
1
2
2
1
2
0
1
0
0
2
2
4
0
0
2
3
0
2
0
3
0
2
3
4
1
1
0
2
2
0
2
0
1
1
1
1
0
2
2
1
0
0
2
3
1
0
0
0
1
1
0
0
0
0
2
0
0
2
0
