675
731
591
461
384
284
195
155
120
150
126
146
130
136
150
132
114
138
136
131
133
144
133
140
131
160
161
181
161
192
208
230
260
241
278
314
306
338
363
423
453
508
462
604
625
712
885
999
1174
1331
1610
1876
2048
2328
2383
2448
2332
2303
2217
2059
2023
1915
1880
1705
1578
1530
1435
1405
1324
1241
1254
1253
1234
1260
1202
1263
1307
1239
1241
1260
1288
1281
1315
1262
1296
1246
1236
1230
1282
1331
1237
1322
1367
1214
1310
1282
1347
1265
1286
1321
1275
1227
1331
1231
1261
1271
1266
1263
1338
1244
1344
1366
1325
1321
1382
1365
1324
1395
1332
1329
1270
1347
1342
1372
1459
1443
1444
1321
1439
1374
1411
1371
1398
1399
1395
1468
1385
1442
1454
1399
1453
1488
1491
1440
1445
1531
1484
1453
1504
1421
1528
1525
1495
1532
1540
1529
1591
1534
1558
1563
1585
1545
1555
1578
1565
1537
1433
1484
1503
1505
1439
1509
1498
1454
1406
1448
1397
1320
1381
1405
1380
1374
1410
1334
1404
1378
1418
1393
1347
1383
1424
1374
1358
1338
1384
1373
1365
1363
1415
1314
1307
1263
1260
1331
1272
1243
1291
1267
1225
1165
1293
1192
1216
1117
1181
1143
1136
1185
1177
1174
1163
1209
1221
1227
1233
1172
1252
1238
1175
1139
1201
1136
1178
1124
1178
1173
1080
1105
1093
1058
1097
1023
1058
1016
996
950
976
959
862
875
850
905
867
865
909
865
845
830
827
870
769
862
810
847
789
840
777
789
756
774
804
726
763
782
737
806
763
743
741
705
745
718
705
726
711
705
669
664
741
703
697
702
681
688
694
684
745
690
647
681
636
641
673
679
676
631
623
630
637
672
635
624
676
617
653
674
649
686
643
645
639
692
641
688
644
688
666
610
667
708
672
658
658
660
692
652
656
640
592
612
604
637
597
580
581
578
565
607
575
608
531
577
549
537
532
552
538
566
542
534
520
520
510
540
549
491
492
517
580
530
529
559
546
592
530
605
553
575
576
608
539
571
621
584
606
563
622
604
598
563
664
655
576
650
565
604
589
634
566
567
582
582
497
585
536
501
522
523
475
492
477
441
491
435
441
470
404
419
398
441
400
400
393
365
379
388
331
365
370
382
338
359
334
320
338
362
336
338
327
349
317
373
331
330
311
336
329
324
353
340
349
317
297
361
324
333
340
302
288
315
308
309
298
311
345
314
333
304
309
328
307
327
339
316
311
298
307
328
289
309
311
296
318
310
299
306
296
331
312
291
295
299
304
282
330
283
252
302
317
298
307
264
266
290
292
295
266
307
311
286
296
277
282
261
260
281
315
277
291
281
246
244
266
264
265
245
286
293
261
259
254
261
243
267
231
249
242
246
280
222
250
254
226
244
260
219
234
234
270
241
255
231
219
239
248
233
225
258
254
209
222
273
229
257
246
244
238
229
252
257
261
248
266
239
233
232
247
275
265
242
236
263
252
224
233
250
287
262
258
263
263
253
257
267
241
273
270
216
265
239
223
220
258
267
216
243
237
239
212
213
241
212
261
248
245
186
219
244
234
218
240
221
206
214
223
213
189
196
207
211
226
186
210
225
187
205
215
222
211
229
189
199
181
188
212
193
170
191
170
177
172
202
193
189
196
176
157
166
167
193
206
173
187
191
174
168
210
194
193
174
179
158
167
195
169
173
171
179
148
157
188
189
176
180
164
187
188
180
175
185
162
216
184
175
198
198
207
188
187
192
225
179
224
198
191
208
202
187
218
206
209
210
192
209
182
202
194
197
216
190
205
181
215
206
185
188
184
189
200
176
173
176
184
193
165
169
162
167
162
163
152
153
173
169
141
156
162
157
154
134
160
152
142
158
148
154
128
155
139
159
156
149
137
150
135
125
144
138
131
139
137
143
143
125
143
141
131
117
112
157
123
146
135
119
134
118
126
113
117
121
113
122
121
120
131
131
96
107
130
107
98
113
112
103
101
96
98
97
104
120
102
86
93
124
103
84
80
112
89
86
102
104
96
85
95
103
78
95
106
84
100
68
84
79
86
79
92
86
88
78
85
71
92
92
87
78
80
82
84
79
95
101
90
76
94
82
73
90
86
77
94
84
112
109
102
95
91
106
115
108
113
100
93
95
109
122
114
124
127
118
123
123
131
138
128
131
138
155
143
165
132
155
143
179
182
187
169
202
161
177
176
174
170
186
223
199
219
223
243
221
228
224
235
230
247
251
222
267
256
220
245
262
229
220
250
237
226
225
216
231
184
200
227
197
189
175
192
206
167
189
160
162
170
160
152
141
131
120
111
112
124
116
117
95
109
89
100
84
79
84
85
88
72
67
72
67
67
75
70
60
55
67
46
74
55
43
67
52
54
55
53
33
49
54
56
43
46
42
48
44
41
44
54
44
38
45
47
32
36
52
46
34
40
36
45
31
46
48
43
28
30
38
41
47
30
43
46
42
30
46
29
30
38
31
37
35
44
36
26
52
39
36
40
36
43
33
36
38
39
31
38
43
33
40
32
38
29
28
36
35
23
31
35
39
39
36
34
32
28
37
35
49
36
37
36
45
46
27
42
40
43
36
30
38
41
44
42
46
40
54
41
31
43
49
43
40
37
40
47
53
41
57
47
41
44
35
45
41
45
44
39
61
49
49
56
40
42
41
51
53
53
39
46
54
46
49
47
55
43
42
44
37
44
39
26
38
46
36
34
34
37
46
39
41
44
36
31
35
34
31
36
34
38
23
25
28
29
26
28
29
23
35
29
27
32
30
39
27
18
21
23
27
33
17
19
29
33
31
21
20
17
25
23
18
16
23
27
23
24
30
12
21
20
23
14
21
26
18
19
14
22
23
21
18
18
19
19
27
26
18
21
22
27
11
18
18
20
15
17
22
13
22
17
14
25
9
15
11
7
23
20
16
29
16
16
16
17
23
24
15
19
20
25
15
14
23
18
24
17
14
20
18
10
16
25
30
15
16
20
20
22
20
14
15
23
19
12
18
17
10
15
23
14
19
16
11
18
12
15
19
13
21
29
27
18
18
11
19
28
20
22
28
20
23
26
16
21
14
23
22
16
22
19
30
35
20
17
13
17
20
22
12
23
28
17
20
27
18
23
14
23
26
28
25
28
22
22
32
24
19
22
20
23
27
32
26
29
28
21
37
22
25
20
18
25
31
24
25
25
21
21
24
24
26
28
22
14
16
26
28
21
21
28
23
25
17
29
21
29
27
23
20
24
26
22
18
27
18
30
28
28
14
24
20
23
28
17
12
26
14
26
13
23
25
25
24
21
22
22
9
20
32
17
30
19
14
14
20
17
15
16
22
25
22
19
12
18
19
14
17
18
16
18
14
15
9
14
19
16
17
16
20
15
13
15
18
15
12
16
13
13
12
11
19
19
16
14
8
11
16
9
11
12
9
14
14
9
13
14
15
12
14
13
15
20
16
10
11
11
12
13
8
11
13
13
10
5
15
10
9
12
9
12
11
8
8
8
12
13
12
10
15
7
11
10
10
10
9
13
14
10
11
5
14
7
10
8
11
5
8
11
5
8
13
10
14
12
14
4
7
11
9
9
7
10
7
6
8
11
5
11
6
10
11
13
12
15
12
5
13
13
10
10
9
14
5
10
7
11
10
3
10
11
4
5
12
13
12
14
13
14
7
11
7
7
11
10
12
10
13
17
7
5
13
17
13
15
18
12
11
8
18
17
19
12
11
9
19
8
12
17
14
18
11
16
14
22
14
22
17
17
18
24
20
25
16
23
24
22
25
31
19
22
21
23
17
39
13
4
24
27
23
21
16
23
23
22
20
26
21
26
17
23
24
12
18
13
27
17
28
21
11
17
17
16
14
10
14
19
8
19
13
18
12
9
9
14
12
10
12
5
11
8
11
10
10
10
3
7
7
6
9
10
14
1
8
7
14
4
8
2
5
4
4
6
6
3
2
4
7
3
8
5
4
2
6
6
4
5
4
3
0
4
2
2
2
3
5
6
1
3
2
1
3
3
0
8
1
3
3
2
2
2
1
3
2
0
0
2
1
4
4
4
4
3
4
1
2
1
2
6
2
0
4
3
1
2
3
1
4
2
4
1
5
0
5
2
2
5
0
5
1
2
4
4
3
6
1
2
1
4
4
2
1
2
3
2
1
2
3
4
8
5
3
3
6
10
3
4
4
3
3
0
3
2
4
3
1
3
2
1
3
1
0
4
1
3
0
3
2
4
0
1
2
5
1
3
2
2
2
3
3
4
4
2
1
3
0
2
4
2
2
2
4
3
4
2
4
0
3
4
2
1
5
4
2
1
0
2
0
3
3
4
1
4
2
2
1
4
6
3
3
0
2
3
7
4
0
4
3
3
3
3
2
1
2
6
3
1
1
0
2
4
1
2
2
3
2
3
4
3
4
3
5
2
1
0
2
3
3
4
6
4
3
4
3
2
2
3
2
3
4
3
2
0
0
5
4
3
2
3
1
4
1
2
2
2
3
4
2
6
3
4
4
1
3
1
4
2
0
4
1
3
0
1
1
5
2
1
3
0
1
2
4
2
3
0
3
5
0
4
2
3
4
1
0
2
0
5
3
1
2
0
2
1
2
1
1
1
3
2
3
3
5
2
2
1
4
1
5
0
6
0
1
4
3
1
5
3
3
2
2
4
1
2
5
3
0
2
4
3
3
3
3
3
6
1
4
1
1
0
4
3
1
0
2
4
4
2
4
0
3
1
1
4
2
2
4
1
1
2
1
4
2
2
0
3
2
0
5
1
1
0
2
2
3
0
2
4
3
3
2
0
1
2
1
5
3
1
4
2
5
2
5
1
2
3
3
3
2
5
3
2
1
5
3
1
5
4
1
1
6
5
1
2
3
2
3
3
1
4
4
1
5
4
3
4
1
4
2
2
1
0
1
3
3
3
1
2
0
3
4
2
1
5
3
3
2
4
0
1
2
1
2
1
0
0
2
3
1
0
2
5
3
0
1
2
2
0
3
0
1
4
1
3
1
1
2
1
2
0
0
2
4
5
2
4
1
0
3
1
1
1
1
4
1
1
3
3
3
0
2
3
3
3
1
0
4
2
2
1
2
5
2
3
4
2
0
0
2
4
3
2
3
1
2
2
4
0
0
2
2
3
2
1
0
1
1
3
1
3
4
3
0
2
3
0
2
2
4
0
4
2
0
3
3
2
0
2
0
1
1
1
1
2
2
3
2
4
0
5
1
1
1
1
2
1
5
2
1
1
1
2
2
0
1
3
2
2
2
1
4
1
1
1
4
3
1
1
1
6
2
2
4
2
3
3
1
3
4
4
1
4
1
2
2
1
3
2
2
2
1
1
3
0
4
0
1
1
3
1
1
1
1
1
1
1
0
0
2
4
3
4
2
3
0
3
3
3
5
1
2
3
1
2
2
1
2
1
2
0
1
7
2
3
1
4
2
1
2
1
0
4
2
3
1
3
2
2
4
3
3
1
1
5
1
4
3
2
5
1
3
5
3
1
4
2
3
0
1
1
3
1
0
1
0
3
2
4
0
1
1
2
2
3
2
1
1
0
4
1
4
1
1
1
1
1
1
2
0
1
1
0
2
0
5
2
2
3
2
1
1
2
3
0
3
1
1
1
3
0
2
1
0
3
2
3
1
3
1
1
1
0
1
2
1
2
2
3
1
0
2
1
0
1
4
1
2
3
1
2
1
0
4
3
2
3
1
0
1
4
5
0
1
1
2
2
2
0
2
1
1
2
1
2
2
5
1
3
3
2
3
2
1
1
0
3
1
1
3
0
0
0
1
0
2
1
0
0
3
0
2
7
1
3
5
2
0
2
0
2
1
2
2
2
0
3
4
1
3
2
1
0
1
5
0
1
2
3
0
2
2
1
2
3
2
4
2
1
1
1
2
2
0
4
1
1
2
2
3
0
2
2
2
2
1
2
1
0
1
1
0
2
1
2
2
2
1
2
2
2
3
2
1
0
2
2
2
4
1
1
3
1
2
0
4
2
0
6
1
2
0
1
2
2
2
4
1
2
0
2
2
3
1
2
4
2
1
0
3
2
1
6
0
1
3
0
3
2
0
3
2
5
2
2
1
2
2
2
0
0
2
2
2
2
5
2
4
2
2
3
0
3
1
2
2
2
2
1
5
1
0
3
0
0
1
4
2
2
0
4
1
1
1
0
1
2
3
1
6
6
1
3
1
2
0
2
1
1
0
2
2
3
1
3
2
1
2
1
0
0
1
1
2
3
4
2
2
0
1
3
2
2
2
2
0
1
0
2
1
0
5
1
0
3
2
3
1
3
1
2
3
1
0
1
0
1
1
2
2
2
4
3
0
1
2
1
1
0
3
1
4
4
2
1
1
1
0
0
1
1
1
1
1
1
1
0
0
4
3
1
1
1
3
0
1
0
2
2
1
1
1
1
0
1
1
4
1
1
1
1
1
0
2
1
0
0
2
4
2
1
2
2
4
0
0
1
2
2
5
1
1
0
0
3
2
4
1
2
0
5
0
2
2
2
2
2
1
1
0
2
3
2
4
0
2
2
2
1
0
1
5
1
1
1
4
1
1
2
1
1
5
2
2
1
1
3
2
3
2
1
1
1
0
1
3
3
2
1
2
2
5
0
1
3
1
0
1
4
5
3
2
0
1
0
2
2
0
1
1
1
2
3
2
1
3
2
2
2
0
2
1
1
2
0
1
3
1
3
1
2
2
3
1
0
0
2
2
1
0
1
1
0
1
1
0
1
1
2
1
0
1
0
1
3
2
1
0
2
0
4
1
2
5
0
2
4
4
0
0
0
0
0
4
2
2
3
2
1
0
1
1
3
2
0
4
3
1
1
2
1
4
2
0
1
1
2
2
2
2
0
1
1
3
3
1
2
2
3
0
0
1
3
0
0
1
1
1
2
3
1
1
0
5
1
1
4
3
1
0
0
0
5
1
0
3
1
2
3
2
2
0
0
1
2
1
3
4
2
0
1
2
3
0
0
2
2
2
1
2
1
0
2
1
3
1
0
2
3
4
1
1
3
0
2
4
3
3
2
2
0
1
3
0
1
2
3
1
3
2
3
1
2
2
1
3
1
1
2
0
5
1
2
2
4
1
2
2
2
3
2
2
1
2
1
1
1
0
2
0
1
4
2
1
5
0
3
0
1
2
0
2
5
0
2
1
1
1
0
0
1
4
1
2
2
0
0
2
5
1
0
2
2
5
2
2
0
0
2
2
1
2
2
1
3
1
0
0
2
0
3
2
0
3
5
1
2
3
1
0
1
3
3
3
7
1
0
1
4
3
0
5
3
1
2
2
1
3
1
2
1
4
1
2
4
2
0
0
2
2
2
2
1
2
2
1
1
2
3
2
0
1
0
3
0
0
1
3
0
1
2
1
0
1
0
0
0
2
2
1
2
2
3
1
6
3
1
1
0
2
2
1
2
0
0
0
2
1
2
2
5
0
1
3
0
3
2
1
0
1
2
3
0
3
0
3
4
2
1
0
3
0
2
1
2
1
1
3
1
3
1
1
1
1
1
1
1
2
2
1
3
1
2
2
1
4
3
2
3
1
0
1
3
1
1
2
1
0
2
1
2
1
1
0
0
1
0
1
1
0
2
4
3
0
1
1
2
0
3
2
1
3
4
0
1
1
2
1
2
2
0
3
1
3
2
2
2
3
1
2
4
0
2
2
1
0
2
4
2
1
1
1
2
1
1
1
0
1
2
0
2
0
1
0
0
0
1
1
2
2
1
0
4
2
2
3
1
1
2
1
2
0
2
5
2
2
0
0
5
2
1
1
1
0
2
5
1
2
0
1
3
2
1
0
3
2
0
5
4
2
0
3
1
0
2
2
1
3
1
4
1
2
4
2
2
0
2
4
2
1
0
2
2
3
1
2
0
1
1
0
2
2
3
1
0
2
1
1
0
2
1
0
1
4
3
1
1
1
1
1
2
3
1
2
2
2
4
2
2
0
0
0
0
1
1
2
3
1
5
0
1
1
4
4
4
2
2
1
4
4
2
4
0
0
2
2
2
5
1
1
2
3
3
1
0
2
1
5
1
0
0
0
1
5
0
2
3
1
1
3
1
5
2
0
0
3
0
4
0
2
2
0
1
0
4
0
1
1
2
2
1
2
0
0
2
2
1
2
2
1
1
1
1
2
2
1
1
1
1
1
2
4
0
2
1
1
0
1
3
1
0
1
1
2
2
2
1
1
3
0
2
0
2
1
1
0
2
2
4
3
0
1
1
1
0
2
2
2
1
1
1
2
0
3
0
0
3
1
3
1
1
0
0
2
0
2
1
3
1
4
3
4
0
2
1
2
5
2
0
2
0
1
0
1
2
3
1
2
1
2
1
2
1
3
3
2
0
1
3
5
1
3
2
0
3
1
1
1
0
1
1
3
1
2
2
1
3
4
4
2
2
2
0
1
0
1
1
0
1
4
2
0
0
2
1
0
1
2
3
0
0
1
1
0
3
2
1
1
1
1
3
2
3
1
0
0
1
1
3
1
1
1
2
4
1
1
2
2
1
2
0
0
1
1
7
1
1
0
0
1
0
1
1
2
0
0
1
0
2
1
2
2
1
4
2
1
0
3
1
0
4
2
0
1
2
2
1
2
2
3
2
4
2
2
2
2
0
2
0
1
1
0
1
0
4
2
3
1
4
1
1
2
1
2
1
0
2
0
2
2
0
2
0
1
1
2
1
1
1
1
1
1
2
1
2
1
1
0
1
1
0
1
1
0
0
0
1
1
0
2
2
2
2
0
2
1
4
3
0
2
1
1
3
1
0
0
3
1
2
0
0
4
1
1
1
2
2
2
0
3
1
1
2
3
2
1
3
1
1
2
1
1
0
3
3
4
4
1
1
4
1
3
0
1
1
3
1
0
0
2
1
3
1
1
2
3
0
1
2
0
0
2
0
1
0
0
1
3
1
1
1
0
1
4
1
3
0
0
4
1
4
3
1
2
4
1
2
3
1
1
0
1
2
1
2
0
0
1
0
1
0
2
0
0
1
1
2
2
2
3
4
3
0
2
1
1
0
0
1
2
1
1
3
2
4
3
1
2
1
0
3
1
1
0
0
1
1
3
1
2
1
1
0
2
2
0
1
1
1
1
2
0
0
0
0
0
0
0
2
3
1
3
1
1
1
1
1
0
4
0
1
1
2
1
0
2
1
1
0
5
0
2
0
3
4
1
0
0
2
0
1
1
0
0
1
1
1
1
1
2
1
1
3
1
1
1
2
3
4
0
2
0
1
1
0
4
0
1
3
1
1
0
1
3
0
1
2
1
0
2
0
2
2
3
1
1
3
1
1
1
1
2
1
0
2
3
2
2
2
2
0
0
1
3
0
4
1
2
2
1
2
1
2
1
2
0
3
2
1
3
1
3
3
0
0
