1176
1199
922
612
510
392
273
198
233
229
210
199
165
178
154
162
165
162
188
192
183
198
233
199
207
256
271
260
297
291
309
333
361
416
443
485
515
522
618
620
745
802
834
943
1072
1215
1334
1539
1802
2132
2434
2801
3164
3494
3743
3823
3664
3571
3289
3210
3073
3042
2905
2708
2526
2399
2349
2156
2013
1979
2025
1944
1974
1956
1942
1954
1961
2007
1936
2035
1983
1969
1873
1980
2050
1998
2046
1970
1944
2049
1941
2100
1881
1976
1982
2017
1992
2009
2044
2028
2031
2000
2010
2019
2034
1990
2026
1961
2100
2091
2088
2054
2093
2071
2159
2195
2055
2197
2135
2139
2216
2215
2316
2259
2219
2329
2245
2182
2298
2343
2309
2320
2230
2335
2312
2405
2402
2242
2292
2295
2279
2327
2248
2400
2361
2357
2326
2373
2323
2342
2384
2425
2415
2385
2368
2373
2427
2422
2401
2417
2479
2477
2404
2487
2334
2310
2379
2395
2376
2331
2318
2287
2271
2241
2259
2260
2195
2291
2240
2285
2167
2237
2161
2156
2300
2231
2167
2266
2170
2165
2143
2220
2184
2206
2242
2108
2085
2171
2195
2144
2131
2150
2080
2133
2049
2062
2059
2139
2091
2067
1977
2031
1949
1993
2020
2028
1991
2014
1927
1988
2005
2057
1904
2014
1975
2029
2015
2030
2038
2002
1954
1943
1989
2024
1987
1968
2002
1939
1883
1797
1914
1816
1930
1933
1839
1835
1906
1832
1793
1737
1704
1783
1761
1745
1746
1741
1691
1679
1723
1733
1760
1663
1710
1644
1653
1712
1655
1638
1621
1673
1649
1693
1690
1601
1716
1620
1635
1624
1627
1647
1571
1604
1602
1526
1627
1565
1545
1526
1493
1539
1564
1522
1563
1518
1437
1483
1374
1452
1393
1397
1367
1349
1352
1346
1349
1235
1390
1271
1372
1354
1234
1272
1229
1222
1198
1227
1243
1246
1165
1183
1212
1181
1184
1166
1190
1195
1185
1159
1201
1146
1191
1182
1167
1223
1208
1147
1146
1159
1098
1173
1114
1091
1119
1091
1124
1072
1100
1089
1085
1186
1062
1092
977
1081
1047
1045
1024
1046
1014
1029
989
981
1024
1048
1018
1011
990
1086
981
993
1025
1042
1011
1019
1079
1065
1080
1071
1125
1116
1080
1094
1095
1091
1078
1145
1133
1149
1174
1184
1182
1169
1248
1259
1296
1363
1359
1325
1396
1437
1418
1505
1640
1632
1685
1694
1805
1907
2114
2157
2237
2378
2461
2616
2712
2754
2933
3084
3233
3275
3510
3590
3786
3827
3935
4053
4076
4198
4144
4187
4154
4229
4094
4072
4062
3900
3908
3768
3570
3552
3329
3165
3045
2766
2666
2457
2327
2146
2125
1911
1762
1546
1500
1377
1217
1196
1064
960
887
811
758
731
558
562
549
503
465
469
444
411
431
381
405
328
343
346
343
319
333
336
320
288
307
295
308
294
295
309
301
314
334
280
296
277
287
306
280
307
306
297
306
282
276
289
257
294
313
283
307
264
312
267
259
270
288
275
260
262
268
288
273
269
271
281
266
242
234
247
276
256
280
248
248
269
248
231
233
246
240
232
250
245
218
204
264
270
241
248
264
245
253
236
234
245
213
232
228
252
235
243
259
217
221
261
252
218
233
262
238
218
234
226
244
240
211
258
242
247
235
262
228
228
270
274
256
240
252
273
240
272
249
245
253
258
236
249
235
239
241
293
222
261
233
224
223
219
254
232
253
228
224
227
260
224
203
224
245
236
246
210
188
225
201
239
210
229
218
209
221
202
228
184
229
193
199
193
204
194
183
184
217
172
199
175
174
191
194
191
183
201
211
164
168
191
162
190
191
179
191
183
190
186
169
183
176
166
160
207
166
154
189
182
162
150
184
158
174
182
189
189
189
154
164
196
168
169
187
174
157
170
169
173
193
180
183
193
181
168
194
192
181
172
189
198
183
199
166
208
190
222
189
182
220
198
202
201
183
183
181
178
192
197
194
184
200
194
186
182
210
174
203
182
186
201
177
170
175
176
192
162
168
140
172
163
165
161
168
174
164
160
150
163
169
174
145
159
169
164
143
152
121
125
147
133
147
132
151
143
143
162
133
137
126
115
140
110
140
109
135
128
145
151
124
130
143
126
148
119
102
124
119
110
128
134
126
114
117
123
105
123
110
93
120
100
111
108
94
122
101
92
121
106
113
104
109
97
85
88
81
99
100
109
65
91
94
112
82
87
82
96
75
82
89
94
83
91
81
98
77
99
94
92
88
101
88
84
91
85
79
85
86
83
94
94
83
100
92
88
103
85
89
96
96
91
100
90
108
106
84
98
116
111
98
114
122
108
112
114
108
105
117
114
109
133
127
136
138
133
156
160
136
151
159
186
158
167
170
185
183
169
178
187
225
186
224
210
233
215
202
194
262
245
227
236
249
220
259
247
258
233
235
223
258
211
228
228
235
235
217
260
244
204
202
209
220
194
180
163
201
161
172
182
158
173
146
165
148
142
155
127
151
112
131
110
113
102
103
105
101
78
93
96
95
72
80
78
84
60
71
91
67
55
60
79
64
63
50
44
60
45
51
48
55
57
50
59
56
54
41
47
50
48
49
39
43
49
40
49
48
48
49
43
39
36
36
35
48
31
33
47
41
44
34
41
32
45
40
37
37
34
20
41
36
47
39
39
40
40
37
35
37
35
30
38
28
48
30
33
44
29
40
40
35
30
31
40
21
28
37
32
41
36
35
50
38
26
42
35
34
26
33
44
25
33
32
43
31
45
48
42
31
32
38
31
32
45
40
48
49
44
39
36
44
42
37
45
49
47
45
39
44
41
32
32
42
52
44
49
59
53
55
46
54
57
43
50
57
55
48
50
39
45
36
59
42
40
43
44
49
34
48
48
45
41
37
42
40
51
39
41
34
31
32
28
38
27
41
36
24
35
24
28
21
32
28
38
29
26
34
32
25
19
35
35
26
24
30
25
25
20
24
25
28
29
10
25
27
29
27
16
24
29
23
26
29
21
23
24
15
20
24
21
29
24
29
25
23
19
16
24
17
21
16
21
24
14
14
21
21
16
24
21
25
16
32
15
21
19
22
19
12
21
16
18
21
21
25
20
10
22
12
20
18
19
16
22
19
23
14
21
19
22
23
17
25
16
23
18
18
15
21
17
25
19
15
17
17
9
10
19
24
19
19
14
12
17
25
15
11
17
26
18
16
14
22
18
16
21
15
16
21
16
18
16
19
22
11
17
21
27
18
20
11
19
15
14
18
17
19
17
19
16
17
15
15
22
19
18
28
25
21
13
24
25
31
19
31
17
19
24
25
24
24
19
17
23
22
18
23
18
24
23
26
27
23
26
20
23
21
21
26
19
17
29
23
21
28
23
28
14
25
21
17
21
26
19
23
16
28
22
25
28
26
22
24
27
14
19
38
18
22
22
20
17
22
18
28
26
33
24
20
27
27
19
19
19
18
19
28
16
15
24
27
15
23
23
28
22
21
16
24
18
13
17
14
18
20
17
16
17
21
22
14
22
14
17
17
13
11
20
13
18
14
18
23
17
17
16
15
17
21
17
22
17
15
20
12
15
14
8
9
13
14
8
15
17
7
18
18
11
12
18
11
9
15
14
14
9
14
11
12
11
16
15
14
13
13
14
7
14
12
13
5
9
9
9
10
14
14
9
7
13
17
13
6
12
12
12
10
11
13
11
14
13
7
8
6
8
10
7
8
8
10
12
12
9
12
13
10
7
7
7
8
9
9
6
2
8
11
10
9
3
4
14
10
5
3
5
4
11
8
5
6
5
8
7
8
4
5
6
8
7
11
8
11
8
10
9
6
10
8
9
9
8
7
5
12
11
6
8
3
9
6
10
13
8
8
9
8
14
11
6
5
11
15
11
6
11
8
13
10
15
13
13
12
16
10
15
8
18
10
12
19
19
19
9
17
13
20
18
12
19
16
13
15
19
24
16
12
22
23
14
24
16
17
19
18
25
24
25
18
22
20
12
22
19
19
31
23
16
16
18
23
17
25
16
18
20
18
22
21
11
18
15
11
21
23
17
18
12
15
10
11
15
15
8
12
14
7
10
16
9
14
12
8
13
6
13
12
8
14
11
9
7
8
8
7
10
5
4
7
5
6
9
8
3
6
6
5
5
8
3
1
8
2
5
9
5
6
2
4
2
2
3
2
3
1
4
2
3
3
3
1
4
3
3
2
4
0
4
4
6
3
2
5
4
2
3
8
0
3
0
5
4
4
4
4
2
2
4
2
2
6
1
4
0
2
3
6
2
1
2
0
7
2
1
3
2
3
4
2
3
2
5
4
2
3
3
4
2
2
2
2
3
2
5
0
2
3
1
1
7
2
3
4
4
4
3
5
2
0
4
6
4
1
3
2
2
0
5
2
1
1
5
1
2
4
1
3
4
6
4
3
0
2
4
2
2
4
3
3
3
5
2
2
3
1
1
2
3
3
3
3
2
1
0
1
5
2
1
3
3
3
4
1
3
1
0
8
1
6
3
1
2
4
1
3
2
4
3
1
2
0
1
4
1
3
1
1
4
1
6
4
0
4
0
2
3
1
6
3
2
3
5
0
0
1
2
2
3
1
5
1
0
3
3
1
1
4
0
2
1
3
2
2
1
4
1
3
4
1
1
1
2
3
1
3
0
3
2
2
4
1
0
4
2
7
1
2
1
5
2
4
3
5
0
1
2
0
2
2
2
0
1
2
3
3
2
3
5
4
4
1
2
1
2
3
2
4
5
2
2
3
4
2
1
2
1
3
3
2
4
6
2
1
2
3
1
1
1
4
1
0
1
4
3
2
0
4
3
1
1
1
1
3
2
4
4
5
3
4
2
2
2
1
3
0
1
1
0
4
1
3
2
2
2
0
1
1
2
1
0
1
3
1
0
1
3
6
1
4
2
2
4
3
2
2
5
1
3
4
2
1
4
3
3
1
2
3
4
0
2
5
2
3
2
2
0
3
4
1
4
1
2
3
1
3
1
4
1
2
0
1
1
1
2
3
3
1
4
1
2
3
1
1
3
2
3
1
5
3
2
4
2
2
4
3
4
2
1
2
2
1
2
5
3
4
0
2
2
4
3
1
5
1
3
1
3
4
1
2
0
2
1
1
1
1
3
2
2
3
1
0
3
4
3
3
3
2
4
5
2
1
2
1
1
2
0
2
3
3
2
0
3
1
0
0
2
3
0
3
1
1
3
4
3
3
3
1
7
5
4
0
3
3
3
3
1
2
1
0
2
1
2
1
2
1
3
1
3
1
5
1
2
2
3
2
3
2
2
4
1
1
2
2
0
2
2
2
2
3
5
1
1
2
2
2
4
1
3
2
3
1
3
3
1
1
5
2
4
2
1
3
3
2
3
1
2
2
1
2
2
2
0
1
1
3
1
3
2
0
3
2
2
1
3
0
2
3
0
5
4
1
2
3
2
0
0
3
2
2
1
0
2
3
1
4
1
1
0
1
4
0
3
2
4
0
3
0
1
1
3
1
1
2
2
1
0
1
2
2
5
3
3
0
3
1
0
2
1
1
1
5
3
1
3
1
2
4
2
3
3
2
2
5
2
1
1
2
1
3
0
1
3
5
3
1
3
4
3
0
1
2
3
0
4
1
3
3
1
1
2
2
1
0
0
4
4
3
3
0
3
2
0
5
0
3
2
5
1
0
1
4
0
0
3
2
1
2
2
2
4
0
3
3
0
0
3
0
2
0
2
2
2
2
1
1
2
2
2
3
4
1
2
1
0
8
1
1
0
2
0
2
0
3
3
2
1
3
3
1
1
2
5
1
3
1
1
0
1
1
1
0
0
1
2
1
1
0
0
2
3
3
3
1
1
2
1
0
1
1
2
2
0
2
4
5
2
0
1
2
0
3
2
2
2
2
3
2
3
1
1
5
0
0
1
1
0
2
3
1
3
1
1
2
1
1
0
1
2
4
3
2
3
0
1
2
0
2
0
0
2
1
1
1
2
1
2
1
1
0
1
2
2
1
1
0
0
2
1
1
3
1
4
2
1
2
1
1
0
1
0
0
4
3
0
3
4
1
2
2
2
4
4
3
1
0
0
2
2
1
0
1
2
2
1
2
0
3
2
1
2
1
1
2
1
2
1
1
4
1
1
2
1
0
6
3
2
1
3
3
2
0
1
3
3
1
2
3
0
2
4
2
0
4
2
2
2
0
1
0
5
2
0
3
3
0
2
1
0
1
2
0
1
0
2
2
3
1
2
2
0
1
2
1
3
3
2
2
1
2
1
4
1
1
1
2
3
4
1
0
0
6
3
1
3
0
3
1
2
1
6
0
2
1
1
3
0
2
0
2
2
1
2
1
0
0
1
2
0
1
5
1
3
2
1
0
3
1
1
2
0
0
3
3
0
1
1
0
0
1
3
3
1
0
2
2
0
2
1
1
0
0
0
2
1
1
2
2
1
4
1
2
1
3
2
2
1
3
2
2
0
2
2
2
0
1
3
2
2
0
4
3
2
0
1
4
2
1
1
2
2
2
1
1
3
3
4
1
1
2
1
0
0
2
1
1
6
6
2
1
2
5
1
6
1
1
1
2
1
1
3
3
1
1
2
0
1
4
3
1
4
0
2
4
2
1
1
1
0
1
0
3
0
6
2
3
3
0
2
1
1
2
0
2
1
2
3
0
1
0
3
0
3
0
0
0
2
1
3
1
0
4
3
1
2
2
0
2
5
1
0
1
2
0
0
2
1
1
2
0
1
2
0
0
3
1
3
3
3
2
1
0
3
5
2
2
4
3
1
2
1
2
3
2
1
2
2
2
0
2
3
5
3
1
1
3
3
2
3
2
2
3
0
3
0
1
3
0
3
2
0
2
1
0
2
1
1
1
0
4
1
1
4
4
1
1
3
0
2
4
1
1
0
0
3
3
1
1
2
2
0
4
1
3
1
2
1
2
0
3
1
1
3
1
2
2
1
0
2
1
1
1
0
3
3
1
0
2
4
3
1
0
0
1
4
1
2
1
3
1
3
0
2
3
3
0
0
3
0
0
2
3
2
2
4
0
2
0
3
1
0
1
1
0
3
1
0
1
2
3
6
0
0
2
1
0
2
0
1
2
2
0
3
2
3
0
3
2
1
1
2
3
2
1
2
1
2
2
2
1
3
2
2
2
1
0
2
2
2
0
1
2
1
0
3
2
2
2
1
1
1
2
3
3
1
0
3
2
2
1
2
0
2
0
1
2
6
1
1
2
0
1
2
1
3
1
2
2
2
1
2
2
3
3
0
1
2
3
1
3
4
2
2
3
2
1
1
2
2
2
0
2
2
1
2
3
2
1
2
2
2
4
3
1
1
1
1
4
3
0
0
2
4
1
0
0
2
1
0
1
2
1
4
0
0
2
0
1
2
2
0
1
2
1
1
1
1
2
1
1
2
3
2
1
2
3
1
1
1
2
2
0
2
0
2
4
3
2
0
2
1
0
0
0
3
1
0
3
2
1
1
2
1
1
1
4
3
1
0
0
2
2
2
3
1
1
2
4
3
1
0
3
3
2
2
1
1
1
2
1
1
1
0
0
2
3
2
1
2
0
6
3
2
1
2
2
0
3
1
1
2
0
3
2
0
0
4
0
0
1
2
2
1
2
3
1
3
0
0
4
1
2
2
3
1
3
0
2
2
1
4
1
2
0
3
3
1
2
1
4
3
3
2
0
1
1
3
0
0
2
3
0
2
2
3
2
0
0
2
2
2
2
0
1
1
2
1
0
1
0
2
2
2
0
1
2
0
1
0
0
1
0
3
3
1
1
1
2
0
2
2
1
0
0
0
4
4
2
2
3
0
4
2
0
0
0
2
1
1
2
0
1
2
1
3
3
0
0
2
1
0
3
3
2
0
1
2
0
0
3
2
1
2
0
3
2
0
0
0
0
1
4
1
1
0
1
0
0
1
5
0
2
1
2
1
1
1
4
0
3
1
0
2
2
2
1
3
1
2
0
1
2
4
1
1
4
3
0
1
1
4
2
2
4
2
4
1
2
1
0
4
2
1
1
1
0
3
4
0
3
3
1
0
3
2
2
1
0
0
3
3
0
2
3
1
0
1
2
1
0
2
1
1
3
0
2
1
1
0
1
1
1
0
4
2
0
3
0
2
2
2
4
1
0
3
0
1
2
3
2
1
1
1
4
4
2
3
0
1
2
1
2
0
0
2
0
2
1
3
1
2
0
0
2
2
3
2
1
3
0
1
2
1
3
0
1
2
2
2
1
3
0
2
1
0
2
2
1
0
2
1
1
2
3
0
1
1
0
0
0
5
0
1
1
3
4
4
1
1
3
2
1
1
3
1
0
3
0
1
2
3
5
0
2
0
1
1
2
1
2
1
1
2
1
0
1
2
2
5
1
1
2
2
1
1
2
2
2
1
2
2
3
0
1
2
0
0
0
2
0
3
0
3
1
1
1
1
0
1
5
0
2
1
4
0
1
3
2
1
5
2
0
0
2
2
2
1
1
1
0
0
1
1
2
4
2
0
3
3
1
2
2
1
1
1
3
1
2
2
2
2
0
3
2
3
0
0
1
4
1
4
1
1
0
0
2
2
0
0
0
1
1
1
1
2
2
2
3
2
4
4
0
1
0
1
3
0
2
2
1
4
2
3
2
1
4
1
3
0
1
3
4
2
4
2
1
1
2
3
0
3
0
3
1
1
1
1
4
3
1
0
3
0
1
2
1
0
1
3
5
1
2
1
0
1
4
1
1
2
2
0
1
1
6
2
1
2
1
1
2
2
1
1
1
0
2
3
1
2
0
2
1
2
2
1
2
2
1
2
0
1
0
1
2
0
2
1
1
1
2
0
2
2
3
1
0
2
1
0
0
1
2
2
0
1
2
2
3
0
3
1
3
3
3
3
1
0
0
0
3
0
0
2
1
0
2
1
4
4
2
3
2
2
1
1
3
0
1
3
2
3
0
3
2
1
2
1
0
0
2
1
0
0
2
2
0
1
1
1
1
3
1
2
3
1
0
1
0
1
2
4
0
1
5
1
1
3
2
1
2
2
0
0
4
1
3
1
0
1
2
2
4
1
0
2
0
2
1
0
0
3
3
1
0
1
2
3
0
0
1
0
2
1
0
5
2
0
0
0
5
2
1
1
2
2
1
2
1
2
0
1
3
1
2
0
1
6
0
0
0
2
1
3
1
1
1
1
3
1
2
0
3
3
2
0
1
0
1
0
0
1
1
2
1
1
2
1
1
1
1
0
0
3
2
2
1
0
2
0
3
0
2
2
0
0
0
1
2
0
3
2
0
1
3
1
1
1
2
2
1
1
0
1
0
5
1
3
2
4
2
1
1
2
3
3
2
3
5
1
1
0
1
2
3
0
1
2
1
3
2
1
1
1
2
2
1
2
1
1
5
2
1
2
0
4
3
2
3
2
1
1
4
1
0
1
0
3
0
1
5
0
1
1
2
1
1
3
2
0
4
1
1
5
0
1
3
4
1
2
4
2
1
3
1
1
2
0
2
1
0
2
1
2
1
0
2
1
1
0
2
2
2
1
1
0
1
0
2
0
1
1
2
4
0
1
1
2
2
2
2
1
3
3
2
