5727
6045
2880
1403
2091
2297
1394
993
771
548
388
363
334
335
334
349
342
334
327
365
358
390
399
402
423
446
503
495
565
593
658
710
832
918
1027
1040
1132
1217
1333
1444
1581
1695
1902
2017
2166
2357
2668
2969
3254
3750
4367
4977
5513
6027
6205
6118
6003
5652
5330
4945
4744
4472
4368
4058
3811
3534
3377
3163
2953
2927
2959
2833
2832
2769
2765
2825
2724
2856
2790
2878
2959
2858
2878
2833
2816
2900
2932
2890
2926
2984
2888
2906
2872
2975
2914
3018
2925
3080
3027
2974
3050
3081
3058
3088
3079
2987
3107
3102
3082
3112
3044
3138
3093
3208
3203
3126
3360
3369
3354
3338
3533
3425
3594
3674
3693
3689
3637
3756
3840
3746
3662
3747
3898
3637
3682
3614
3696
3609
3674
3664
3592
3510
3551
3525
3514
3529
3469
3612
3399
3434
3505
3556
3479
3432
3406
3413
3490
3426
3419
3402
3328
3533
3351
3350
3438
3391
3327
3252
3250
3227
3168
3333
3358
3260
3301
3329
3147
3151
3193
3200
3168
3115
3253
3240
3130
3146
3097
3103
3101
3221
3102
3085
3107
3155
3166
3071
3055
3095
3086
3140
3028
3021
2986
3044
3009
3052
3024
3028
2996
2975
2941
2955
2956
2928
2983
2994
2946
2943
3031
3033
2871
2887
2874
2933
2946
2953
2934
2988
3008
2909
2859
2903
2992
2963
3017
2916
2869
2947
2884
2778
2899
2911
2849
2834
2720
2798
2770
2784
2765
2867
2759
2753
2793
2818
2709
2736
2729
2674
2691
2776
2736
2776
2705
2655
2662
2713
2734
2698
2705
2694
2671
2721
2628
2709
2556
2801
2704
2644
2693
2606
2665
2601
2645
2589
2568
2615
2626
2605
2513
2543
2516
2485
2634
2434
2355
2404
2466
2402
2306
2168
2212
2243
2153
2183
2116
2143
2072
2067
2022
2006
1995
2087
1956
2008
2033
1886
1973
1826
1871
1783
1922
1930
1788
1836
1910
1813
1850
1810
1831
1810
1763
1703
1735
1759
1770
1806
1706
1786
1742
1712
1707
1754
1751
1704
1726
1683
1634
1688
1711
1581
1642
1615
1563
1656
1626
1665
1618
1595
1635
1601
1630
1610
1630
1647
1646
1677
1635
1683
1651
1597
1621
1766
1701
1808
1721
1827
1778
1728
1660
1737
1775
1863
1831
1869
1948
1809
1904
1912
1963
2036
1930
1981
2119
2165
2248
2280
2444
2449
2526
2645
2772
2856
3112
3234
3466
3607
3832
4080
4284
4455
4654
4971
5410
5528
5934
6236
6511
6900
6887
7391
7617
7721
8053
8193
8248
8411
8518
8705
8514
8633
8537
8397
8330
7754
7692
7736
7288
6944
6796
6373
6084
5676
5365
4928
4758
4222
4035
3628
3378
3042
2671
2456
2248
2102
1792
1560
1463
1295
1132
1049
977
933
818
684
638
569
511
489
474
428
418
391
398
332
362
364
318
333
319
303
308
302
286
266
271
261
295
279
291
301
291
298
304
274
297
304
266
281
293
249
260
269
259
308
278
258
250
275
285
274
280
256
257
267
246
242
234
250
268
262
247
243
265
238
246
211
231
238
251
235
228
241
269
262
244
201
234
225
231
239
238
249
241
241
222
211
235
216
254
215
256
235
245
232
208
214
232
232
226
258
235
218
250
255
246
253
198
228
234
241
235
217
260
242
242
246
266
237
235
224
220
233
220
243
232
232
249
240
234
226
248
256
225
209
250
246
252
231
235
207
213
252
241
225
224
221
225
245
209
215
227
217
205
205
232
220
199
208
200
226
209
209
188
179
192
216
203
195
179
199
212
206
200
191
154
222
187
205
196
187
206
176
189
225
170
166
179
153
142
158
187
181
169
184
176
158
177
185
185
164
174
168
175
157
177
155
175
180
159
161
179
159
171
165
158
164
150
165
171
166
187
178
169
161
155
165
164
166
176
159
176
149
173
175
169
186
161
173
194
165
193
172
167
191
192
177
207
176
195
183
205
188
177
175
184
189
164
173
176
185
196
175
159
172
174
163
148
160
149
185
166
160
175
156
152
163
158
159
152
140
138
138
140
141
149
151
162
146
157
143
156
132
139
142
114
147
131
159
127
132
120
129
126
126
132
132
120
123
136
115
139
123
116
129
107
138
129
137
103
127
116
110
128
128
110
97
114
97
121
131
111
118
117
111
109
117
98
90
101
109
114
108
115
103
102
87
110
122
93
99
92
86
100
87
89
101
94
80
88
92
66
88
88
86
84
85
80
82
80
81
67
77
82
59
65
77
82
75
86
93
90
71
90
76
80
108
79
68
82
77
88
78
92
82
77
95
88
105
76
80
90
88
79
91
91
88
97
94
110
108
99
112
88
96
103
107
112
115
123
104
132
131
112
125
143
114
144
135
148
144
156
131
150
154
166
166
169
173
190
165
176
178
199
218
203
209
186
203
194
215
207
225
208
213
257
206
221
243
229
231
226
243
190
226
213
208
211
216
187
190
192
208
185
170
192
182
172
148
167
142
124
140
129
119
120
116
126
121
107
126
89
111
101
97
90
109
88
91
68
66
78
77
69
73
79
58
82
54
57
54
64
47
53
59
62
53
56
43
50
45
54
44
57
46
50
43
39
34
38
28
31
46
53
43
29
56
38
52
37
52
47
48
41
51
34
39
39
37
51
42
45
38
31
44
34
35
21
28
33
34
29
31
38
34
24
33
41
34
33
43
32
31
37
25
35
38
33
46
30
34
31
32
37
35
25
31
43
27
42
30
26
25
43
34
32
30
36
43
26
32
27
27
31
32
32
40
37
39
32
35
30
49
33
37
36
33
33
41
38
41
50
42
46
29
42
44
54
31
47
44
35
45
52
36
43
38
41
53
42
50
39
45
46
42
46
41
54
30
34
41
39
39
31
36
42
41
37
51
34
37
31
36
28
33
28
43
25
33
37
31
49
34
28
31
34
34
32
38
30
27
23
29
22
26
25
25
15
30
31
29
31
27
25
22
29
23
21
20
18
30
29
28
23
26
16
20
18
21
26
13
19
22
21
19
14
23
20
17
21
22
12
16
20
11
24
23
12
27
20
23
19
20
17
18
18
21
20
22
19
18
20
13
14
20
16
14
15
16
25
15
18
17
14
24
20
25
20
17
18
20
19
14
27
18
16
12
17
16
22
8
16
13
21
14
13
13
20
10
15
14
18
16
21
16
11
15
14
13
21
18
22
10
19
9
13
15
19
10
17
11
18
14
18
18
18
18
17
23
13
18
14
20
18
15
12
15
25
18
14
16
12
18
19
20
24
11
15
16
19
20
23
28
23
20
22
23
25
27
20
19
12
22
25
33
19
17
23
23
22
20
25
25
34
26
17
24
22
27
19
27
18
24
19
27
17
22
17
31
19
19
22
17
24
28
22
22
26
21
21
28
24
20
19
24
31
17
21
18
21
22
12
16
21
16
18
24
20
24
24
22
17
19
19
27
19
11
22
24
28
22
19
18
12
21
19
21
15
17
21
24
18
24
19
16
22
22
24
19
21
17
21
22
15
16
20
17
10
13
20
16
16
12
15
16
22
20
10
18
20
19
13
15
17
13
18
15
16
13
11
7
15
14
18
16
18
11
11
10
11
17
10
14
16
17
14
13
9
15
16
6
8
14
16
16
14
11
19
5
7
15
13
9
8
14
13
12
14
12
7
9
8
12
12
7
11
8
3
13
12
16
14
11
6
8
11
7
9
14
15
11
9
14
13
9
5
7
9
7
12
8
8
8
9
3
10
13
10
7
6
4
10
8
8
7
10
6
14
7
6
8
6
11
11
9
6
7
8
7
9
5
5
4
14
11
6
8
7
8
8
5
12
6
7
10
8
10
10
5
6
7
6
9
12
8
10
4
6
10
14
7
8
12
14
9
6
10
11
9
7
9
10
13
11
12
8
12
11
12
5
9
17
7
18
13
15
7
15
14
11
12
17
14
14
18
13
16
18
14
17
18
22
16
22
17
18
17
22
16
26
21
20
16
18
16
13
22
17
18
20
18
21
17
26
12
24
15
16
23
21
7
13
14
26
12
19
20
14
20
17
9
17
18
20
12
17
13
12
16
14
12
17
17
8
15
10
13
6
16
5
8
10
9
10
11
10
11
12
8
9
7
4
4
11
6
6
3
5
5
6
7
4
7
6
3
5
2
3
7
6
5
7
9
1
6
8
4
4
4
3
5
2
4
2
8
4
2
3
4
3
4
0
4
2
1
3
3
1
2
6
3
3
2
3
2
2
1
5
2
4
0
1
1
0
2
1
1
1
3
3
2
0
4
2
5
6
2
5
3
1
3
1
4
2
0
1
1
3
0
3
1
2
3
2
1
1
2
5
3
2
2
2
3
1
2
3
4
3
1
2
1
1
3
4
3
3
0
3
4
2
3
7
0
1
2
1
0
4
2
5
7
1
0
1
3
2
2
2
0
2
4
2
3
2
1
2
1
1
0
2
2
4
3
4
2
0
2
2
2
4
1
2
6
2
3
2
3
1
2
6
3
5
4
2
1
1
6
4
0
5
3
1
4
1
2
1
1
2
4
2
3
2
1
3
3
3
4
2
4
2
1
2
3
5
0
0
3
0
2
3
6
2
4
4
0
1
0
5
2
4
3
1
2
5
0
0
0
0
1
0
1
1
4
2
2
1
3
2
2
1
6
1
2
1
1
3
2
1
4
2
2
3
2
1
3
1
3
3
2
1
1
4
3
1
1
4
3
1
2
1
2
1
3
5
1
1
4
0
5
5
4
1
2
2
0
2
4
1
1
1
2
0
6
2
0
4
1
4
3
0
2
2
3
1
5
1
2
2
2
1
2
2
3
6
1
3
1
2
2
1
3
1
1
3
2
1
2
2
0
5
0
1
2
2
3
2
1
4
5
0
3
2
2
3
4
2
4
2
2
3
4
1
3
1
1
2
2
6
6
2
5
1
2
3
3
1
2
1
2
3
1
3
1
6
3
1
3
3
0
6
1
6
1
2
1
1
3
4
1
3
2
1
5
2
1
3
0
3
2
2
0
2
4
1
3
2
3
1
3
3
3
2
2
3
5
5
4
1
1
1
1
1
1
2
3
4
2
5
5
2
0
2
2
1
1
2
4
2
1
0
2
1
1
2
2
2
0
3
4
3
2
1
2
3
3
4
2
4
0
5
1
4
0
4
0
1
3
3
1
4
5
0
1
3
3
2
0
2
2
1
5
1
3
1
2
3
1
4
3
0
3
1
0
2
0
4
3
0
2
4
3
2
0
0
0
1
0
2
3
1
3
2
1
2
1
1
4
3
1
7
0
1
0
1
4
0
2
3
2
1
2
2
2
3
0
3
2
0
3
3
1
1
1
3
3
1
3
1
1
1
2
1
2
2
1
2
1
1
0
3
2
0
1
1
2
1
0
2
3
1
4
3
2
1
2
1
3
2
0
2
3
1
3
6
4
1
4
3
1
1
1
1
5
5
2
2
3
0
1
2
2
1
0
0
1
3
4
3
2
3
3
1
1
1
3
2
3
3
3
3
1
2
0
1
3
0
1
2
2
0
0
1
1
3
2
1
1
3
1
3
0
5
1
1
2
4
0
3
2
1
2
4
0
0
0
0
1
2
2
1
2
1
2
6
1
0
2
2
1
0
2
0
0
2
3
3
2
1
1
0
1
1
0
2
0
1
2
2
1
2
1
1
2
4
1
2
6
2
0
3
3
2
2
5
2
1
3
0
1
1
1
5
3
0
4
3
3
2
3
0
1
0
4
2
2
2
3
5
1
5
2
0
2
0
1
1
1
0
3
1
3
3
2
1
0
1
0
1
3
1
1
2
3
4
2
5
1
3
5
4
0
2
2
4
1
2
3
0
5
1
2
3
0
2
2
0
2
4
1
1
0
1
0
1
0
0
2
3
2
1
2
3
0
3
0
3
0
1
2
1
3
3
1
1
1
3
0
3
3
1
1
1
2
3
0
1
0
1
0
1
0
0
1
2
1
1
1
1
1
0
3
1
2
3
5
0
3
3
2
2
0
0
2
3
2
0
1
2
4
0
0
4
1
1
2
4
2
0
4
0
3
3
1
3
2
2
3
4
1
2
1
2
2
1
1
0
2
2
4
1
0
1
1
0
3
2
0
1
3
0
0
0
2
1
3
4
0
0
1
1
2
1
2
2
1
1
3
2
2
2
3
1
1
2
0
0
2
1
2
0
2
1
4
2
4
1
0
0
1
1
0
1
3
3
3
2
1
1
2
0
0
2
0
0
2
0
2
1
1
0
3
1
3
1
1
0
1
2
2
2
1
0
2
2
1
1
1
2
2
1
1
1
2
0
3
3
2
0
0
1
1
2
3
1
1
2
2
1
1
2
1
1
0
0
2
0
1
1
1
0
1
0
0
5
3
4
1
1
4
1
0
2
3
0
3
1
0
1
1
1
3
2
1
2
0
1
2
2
2
1
0
1
1
2
2
3
1
3
3
1
0
0
0
0
1
0
0
3
1
4
2
1
0
0
0
4
0
4
3
1
1
1
1
0
0
1
0
2
0
1
0
1
1
2
1
0
1
3
0
0
1
4
3
0
1
5
1
2
0
4
2
3
1
2
2
0
2
1
4
2
2
2
0
2
0
1
3
0
3
1
3
3
1
2
0
2
1
2
3
2
0
0
4
1
1
1
3
1
1
3
1
1
1
0
3
2
4
0
2
2
4
3
2
1
1
3
0
1
1
0
3
1
1
0
0
2
1
1
1
2
1
1
4
1
3
0
0
2
2
1
3
0
0
3
1
2
2
1
2
1
1
2
4
1
1
2
1
1
0
1
2
0
1
3
0
2
2
3
1
2
1
4
1
3
1
1
1
3
1
1
4
1
3
1
1
2
1
2
1
2
0
1
0
1
2
1
1
0
2
2
1
0
1
1
0
1
1
2
3
1
0
2
1
3
0
1
4
1
0
2
2
2
0
5
1
1
2
3
1
0
2
2
1
8
3
3
0
3
7
1
0
1
0
2
1
1
3
0
1
1
0
1
0
3
0
1
4
3
1
1
0
1
2
2
1
2
0
1
0
4
0
1
2
0
3
0
3
0
2
0
3
0
1
1
4
0
1
3
3
1
3
1
1
2
3
2
0
1
0
2
0
2
3
2
4
3
1
0
2
6
2
3
0
6
0
1
2
1
3
2
3
0
1
0
1
3
1
5
1
2
2
2
1
2
0
3
5
2
0
2
1
2
1
0
1
3
1
1
2
1
0
3
1
2
1
1
3
0
1
0
1
0
3
1
1
0
1
2
4
1
0
2
1
0
0
2
4
2
0
0
2
5
2
1
3
4
1
0
2
0
0
1
0
1
1
2
3
1
0
2
1
1
2
3
0
1
0
1
0
0
2
3
1
2
2
2
2
1
4
3
2
2
0
2
2
2
1
2
1
2
3
2
2
2
0
0
0
1
0
1
0
5
1
3
1
0
3
3
2
2
2
1
1
2
2
3
0
0
1
3
2
1
4
2
0
0
0
0
1
2
4
1
1
2
2
2
1
1
1
3
3
5
3
1
2
2
2
0
1
2
1
0
0
2
1
2
0
3
1
0
4
1
1
1
1
4
3
2
2
2
1
0
3
0
1
0
1
1
0
3
2
3
0
3
1
1
2
1
3
2
2
5
2
0
1
2
1
2
2
0
2
4
0
1
0
2
2
0
2
4
3
2
5
1
1
1
3
2
2
1
1
0
4
1
2
3
2
1
5
0
1
0
2
2
1
1
3
1
1
2
0
0
2
0
2
2
2
2
3
1
1
1
1
2
2
2
0
1
4
3
2
0
3
1
1
0
0
2
1
1
1
1
2
2
0
1
0
1
0
0
2
1
4
2
0
2
0
1
6
0
1
2
1
4
1
2
1
1
1
2
1
2
0
4
2
0
1
0
1
2
0
1
0
3
2
3
0
2
1
4
3
2
0
0
0
0
0
0
0
0
1
2
0
1
3
0
1
3
2
3
1
1
0
3
0
0
2
0
1
0
1
2
4
0
2
2
1
0
0
1
1
4
1
1
1
1
1
3
1
0
0
0
0
1
2
2
1
0
2
1
2
0
1
2
2
1
3
4
1
2
2
0
1
3
1
2
1
0
1
1
2
1
3
1
1
1
1
0
1
0
1
1
1
1
0
2
1
3
0
0
0
0
3
3
0
1
3
0
2
5
0
1
1
0
0
3
4
2
0
2
5
1
0
1
0
4
2
4
3
1
0
2
1
1
1
1
2
1
0
1
1
1
2
2
1
1
1
2
1
1
1
2
1
1
0
1
4
0
3
1
1
2
2
1
1
0
1
0
3
1
1
2
1
2
1
1
0
1
3
1
1
1
3
0
3
0
2
1
4
1
2
0
0
1
1
1
0
1
3
2
1
0
1
0
4
2
0
0
1
2
1
0
4
1
0
1
0
1
3
1
3
1
1
1
1
1
1
0
1
2
1
1
1
5
1
1
0
1
1
0
4
1
1
3
3
2
1
0
2
1
2
1
1
1
0
1
2
0
0
1
0
2
2
3
0
3
1
0
0
3
1
0
2
3
2
1
2
6
3
4
0
0
0
0
1
0
1
2
0
4
0
0
1
1
2
1
1
2
0
0
1
0
2
2
2
0
0
3
0
4
2
0
4
3
1
2
2
2
0
2
4
1
3
1
1
0
1
1
0
1
2
1
1
4
0
3
1
1
1
2
2
5
2
1
0
2
0
2
1
2
0
1
4
1
2
4
2
1
1
2
1
3
1
0
2
1
3
3
1
1
2
2
2
5
3
3
4
2
2
1
2
0
2
1
0
2
3
0
3
5
1
2
0
2
1
1
0
4
0
0
2
1
1
1
1
1
1
0
2
2
0
1
4
0
2
1
2
1
2
1
2
0
0
1
0
1
0
0
0
3
2
0
1
1
0
2
1
2
0
0
4
2
0
1
0
1
3
0
2
0
0
1
2
0
3
3
3
2
1
0
0
2
1
0
2
0
1
1
0
1
3
0
1
0
2
2
1
0
0
1
3
1
2
3
2
0
2
0
0
0
2
1
2
0
0
1
1
1
2
0
2
2
1
1
1
0
0
6
1
2
0
1
3
1
1
1
1
0
0
2
2
2
1
2
0
0
2
1
0
0
3
0
1
2
0
0
0
2
2
2
2
3
2
2
4
1
3
3
4
1
0
2
0
0
1
3
0
1
1
3
2
0
0
3
2
3
1
0
1
3
1
1
2
0
1
2
2
2
1
0
0
1
1
0
1
0
0
1
1
0
1
3
1
2
2
4
1
0
0
0
1
0
1
1
1
0
2
1
1
2
5
1
3
0
1
1
1
0
1
2
1
0
1
1
0
2
1
1
2
0
1
2
0
1
2
1
3
1
0
1
2
3
2
1
1
2
0
1
1
0
2
0
2
1
3
1
0
1
2
1
2
1
4
0
1
1
3
1
2
1
1
0
0
2
1
1
2
2
5
1
1
1
0
1
3
0
1
2
3
0
2
1
2
1
2
0
0
2
2
0
0
2
0
1
1
2
1
3
1
0
0
1
0
1
3
1
1
1
4
1
2
0
0
0
0
3
1
0
0
2
0
1
0
1
2
1
0
4
2
2
3
4
0
1
0
0
