2407
3030
1396
632
604
582
436
310
243
286
263
266
266
232
234
245
232
214
220
230
224
210
188
189
230
206
211
275
256
287
292
318
372
385
406
426
479
497
540
542
591
648
665
757
771
863
934
1119
1204
1474
1699
1896
2249
2407
2567
2512
2538
2272
2271
2127
2004
1943
1887
1747
1524
1570
1437
1337
1234
1207
1128
1149
1194
1147
1104
1125
1133
1163
1135
1134
1140
1124
1091
1134
1178
1143
1116
1180
1103
1137
1142
1128
1125
1136
1165
1184
1188
1186
1233
1223
1152
1186
1228
1168
1229
1168
1210
1207
1133
1225
1168
1217
1220
1283
1322
1239
1177
1265
1191
1237
1281
1241
1276
1283
1238
1258
1299
1282
1331
1311
1292
1273
1319
1348
1325
1318
1384
1394
1349
1407
1431
1369
1362
1391
1386
1397
1390
1380
1435
1345
1413
1414
1388
1468
1470
1449
1467
1381
1526
1528
1445
1427
1473
1495
1418
1456
1452
1459
1461
1369
1370
1361
1394
1355
1421
1371
1318
1297
1292
1428
1290
1359
1329
1295
1295
1301
1263
1308
1235
1244
1338
1289
1284
1229
1233
1220
1258
1280
1241
1222
1233
1186
1253
1220
1240
1203
1175
1281
1131
1192
1194
1112
1104
1168
1061
1131
1125
1082
1152
1158
1077
1134
1090
1154
1106
1059
1037
1131
1140
1140
1094
1154
1128
1159
1141
1058
1104
1124
1031
1053
1029
1026
1006
966
1031
910
926
901
902
849
890
857
883
840
809
821
824
820
805
817
817
798
795
733
739
737
740
741
767
743
719
770
769
720
760
692
775
747
656
686
739
680
697
690
681
695
677
676
702
656
652
649
642
667
654
614
665
662
614
631
623
633
636
660
633
635
635
620
591
573
632
677
657
634
599
597
612
605
660
616
648
641
588
636
650
604
667
610
647
626
607
640
662
618
665
625
679
598
634
660
584
559
609
610
586
585
588
555
532
576
552
535
533
538
524
515
535
502
547
496
515
496
544
475
503
505
565
493
508
486
481
506
470
516
515
540
532
497
508
539
517
556
546
527
567
579
581
581
490
539
546
576
544
586
605
554
534
576
542
529
567
579
567
493
548
498
489
531
491
471
476
492
433
467
447
416
420
415
437
410
453
396
390
381
382
368
374
387
375
392
380
361
355
376
352
338
345
364
353
361
341
337
349
324
329
323
364
319
331
332
297
320
322
340
339
337
297
306
328
316
294
281
304
325
333
307
314
274
317
300
302
276
309
297
268
281
311
289
275
303
292
283
284
293
273
279
322
307
260
303
271
277
292
306
261
312
260
273
271
271
275
302
290
301
269
293
277
265
268
281
254
255
264
266
264
271
257
273
269
274
258
251
234
250
266
275
257
260
260
253
258
220
269
255
260
220
257
240
256
243
260
252
219
240
222
251
251
261
215
246
218
233
261
226
243
242
228
227
271
209
218
242
215
232
251
230
220
248
217
256
209
206
222
223
233
228
233
224
245
239
226
269
231
238
241
233
236
248
235
237
234
239
266
238
258
228
241
257
235
249
186
234
238
247
240
242
229
214
247
233
248
224
233
252
203
224
220
214
230
222
205
220
221
217
227
211
234
218
211
191
218
174
199
211
196
210
206
185
188
187
195
179
184
183
195
177
165
182
184
209
185
167
154
178
178
202
155
169
176
167
180
187
177
149
159
162
153
156
167
173
167
177
169
176
191
171
195
163
154
172
165
180
182
164
181
177
169
148
155
177
162
185
190
150
188
168
180
198
136
181
183
197
195
194
203
185
174
193
176
174
198
159
192
190
178
180
184
174
162
162
184
187
155
186
196
194
174
181
168
154
186
176
183
151
135
194
179
165
176
157
159
158
177
136
173
157
175
148
143
164
161
141
139
138
163
131
161
167
129
163
136
122
131
148
135
147
146
149
143
142
132
145
130
126
164
136
122
136
136
117
140
136
103
119
123
114
110
113
126
128
127
94
113
106
108
115
128
117
92
108
114
107
109
86
96
99
105
101
109
95
120
89
104
105
106
100
95
111
103
86
91
81
87
94
111
75
91
99
72
85
102
101
81
71
87
86
75
80
80
79
81
67
85
76
82
87
95
75
77
81
89
79
87
71
73
75
81
77
88
93
102
73
84
97
93
86
71
81
82
82
84
91
96
97
100
110
108
103
115
80
95
111
103
102
108
131
117
102
124
115
114
120
139
128
116
125
130
158
147
139
164
171
178
156
146
180
194
202
187
195
207
212
200
243
212
189
209
200
229
225
212
226
239
224
272
203
220
223
216
255
239
237
237
208
240
212
212
223
208
179
181
175
192
186
189
159
179
162
140
171
142
149
140
129
124
139
116
118
121
116
102
97
99
107
96
87
90
96
97
84
74
68
64
63
79
66
51
57
56
72
56
59
59
67
48
60
51
67
63
48
54
42
47
35
43
53
38
38
38
41
46
40
34
38
58
40
56
39
45
41
39
42
32
47
36
40
43
45
40
36
37
31
41
42
34
32
25
31
32
44
46
34
25
34
26
32
26
32
37
37
37
31
36
32
32
24
26
35
35
40
36
34
32
27
37
26
23
20
36
37
29
31
25
35
30
34
24
29
28
36
28
39
33
41
36
43
46
35
41
34
40
35
46
47
37
39
43
34
41
45
36
52
31
47
40
42
56
38
44
40
43
39
49
41
42
54
47
47
49
45
55
50
36
36
38
47
49
39
37
46
32
41
42
37
50
35
31
43
38
48
40
37
44
50
33
37
36
34
25
42
36
34
31
33
42
20
27
38
31
38
25
28
35
40
21
22
23
29
26
30
32
41
25
22
23
28
23
28
33
23
22
22
25
25
28
29
19
18
23
21
30
25
14
15
23
16
23
25
12
23
23
23
21
27
21
17
15
22
25
16
14
20
16
18
17
33
23
23
20
23
11
14
24
21
16
19
24
15
15
14
12
11
20
22
22
25
15
24
22
13
17
16
16
19
18
28
12
13
21
22
20
16
29
18
23
16
23
11
13
15
14
20
16
12
16
18
19
14
19
18
14
20
15
19
17
18
14
12
18
17
11
19
15
21
25
14
18
17
22
18
20
15
17
16
23
19
23
24
16
22
18
18
22
23
17
23
20
17
13
23
17
23
26
21
21
19
24
23
27
13
25
26
14
19
26
15
28
19
32
26
33
21
25
25
21
23
19
19
19
24
27
24
20
25
16
21
22
18
19
16
23
25
21
18
25
12
20
30
20
19
30
18
20
25
14
20
26
25
31
20
23
16
23
25
20
30
14
24
28
28
16
18
20
23
23
22
22
22
26
21
21
19
20
11
19
22
13
19
18
18
12
29
22
26
22
14
18
13
20
13
21
15
21
23
14
20
10
20
20
18
13
14
14
17
24
7
24
21
9
13
17
22
16
19
9
10
16
15
13
16
15
12
17
13
12
11
11
18
13
12
21
18
17
13
7
13
18
11
14
8
22
14
16
15
9
13
13
10
14
16
16
12
10
7
16
16
11
11
12
13
6
10
5
10
11
9
11
9
9
11
6
13
12
13
9
12
10
12
10
8
14
7
9
9
5
10
5
3
4
8
7
10
8
11
6
11
8
8
8
7
12
10
9
9
7
5
4
6
9
13
10
6
10
10
7
11
6
10
11
5
6
4
10
7
14
8
10
7
10
6
9
7
5
7
4
4
9
5
6
11
6
3
8
6
8
4
9
14
10
11
8
8
11
12
9
10
7
9
8
13
8
17
9
7
11
8
7
10
18
9
13
13
23
9
15
13
15
14
13
18
9
14
17
13
17
8
16
16
19
16
8
13
18
11
14
15
20
15
20
16
10
22
21
11
27
29
17
22
16
15
17
8
23
19
21
22
23
19
21
28
26
19
20
29
18
13
10
20
21
19
14
17
16
22
19
16
14
12
15
16
13
13
17
11
13
11
15
13
10
16
7
4
10
12
9
6
8
15
7
3
11
8
7
10
11
8
10
5
4
5
5
5
10
5
4
6
1
3
3
8
7
5
7
7
4
7
6
4
4
4
6
2
3
5
6
1
0
3
4
4
3
4
4
4
5
1
2
2
4
2
3
1
5
1
2
1
2
4
5
4
3
0
5
1
2
2
4
0
1
2
1
4
0
3
5
3
1
4
1
4
1
2
2
1
4
4
1
3
3
3
1
1
2
1
2
2
3
1
5
0
2
1
2
4
3
2
2
2
3
4
2
6
4
3
0
3
1
2
7
2
2
5
2
5
0
0
0
2
3
1
4
2
1
4
1
2
3
1
3
2
2
4
1
2
3
1
4
2
4
2
3
3
1
4
2
4
4
0
3
0
2
3
2
3
4
4
2
3
2
1
3
6
4
2
4
2
1
3
2
2
2
4
1
1
0
3
2
0
4
2
3
3
2
2
1
3
1
3
3
4
3
1
4
4
0
2
1
2
6
3
1
0
2
1
1
2
2
4
3
1
2
2
1
4
2
2
2
3
2
2
0
2
1
1
1
3
1
2
2
0
2
1
2
2
2
3
3
0
4
2
2
3
4
1
3
0
0
2
1
3
1
2
3
1
2
1
1
3
2
1
2
4
1
2
3
1
6
1
0
3
1
4
1
0
1
4
0
2
3
2
2
5
3
3
2
0
2
2
2
0
3
1
1
3
2
1
1
1
1
1
3
2
4
0
3
0
3
2
1
1
0
1
2
1
3
1
1
2
0
6
1
3
4
1
2
2
2
3
5
0
0
3
2
1
3
4
0
2
1
3
5
3
1
1
1
1
3
2
3
3
0
1
0
1
4
2
3
0
4
2
2
3
4
3
0
2
1
1
6
0
1
3
5
2
0
2
2
2
3
1
1
2
2
2
2
3
3
1
2
2
2
1
1
1
0
1
5
0
3
3
1
0
4
1
5
1
1
1
3
2
0
3
2
3
0
4
2
4
1
3
2
2
5
0
3
4
2
0
3
3
0
1
2
2
1
4
2
4
5
1
2
3
4
0
2
2
1
5
4
3
3
0
3
1
0
2
2
1
1
1
4
1
1
2
0
3
2
1
1
0
2
0
0
1
3
1
2
1
3
4
2
1
0
3
3
1
1
0
3
2
0
2
1
2
0
2
2
3
4
3
1
0
4
2
1
3
3
2
1
3
0
0
2
2
2
1
4
1
3
1
2
0
0
0
2
2
1
2
0
2
3
2
2
1
3
5
2
0
4
1
2
2
2
0
2
2
2
1
5
2
2
6
3
3
3
3
0
4
0
2
1
1
2
2
1
2
3
2
1
1
1
2
3
2
4
1
1
5
2
0
0
3
6
2
2
0
2
0
1
1
1
1
2
0
1
3
0
1
4
3
3
3
1
1
0
0
0
2
4
2
0
2
3
2
0
1
3
1
1
3
3
5
2
1
1
2
2
2
0
3
3
1
2
1
7
1
5
1
4
2
2
2
1
3
6
1
4
1
2
2
1
1
1
0
2
3
2
2
1
2
1
3
0
1
0
1
3
0
4
1
1
3
3
1
4
3
1
0
3
3
4
3
2
3
1
0
3
4
2
0
2
0
2
3
0
3
0
2
2
3
3
3
2
3
1
2
1
5
1
2
4
1
2
1
2
4
3
1
1
0
3
1
1
0
0
2
2
0
3
2
3
2
1
1
1
2
0
2
2
4
2
2
3
3
2
1
2
2
1
3
0
3
2
1
2
2
2
4
1
2
1
0
1
2
1
1
2
0
1
3
3
1
3
0
2
1
2
2
0
2
1
1
0
5
4
2
1
0
1
2
2
1
2
0
1
1
2
2
1
1
4
0
1
0
0
1
2
2
0
0
1
3
1
1
0
2
3
1
3
1
5
4
2
0
1
1
1
1
1
1
1
3
0
4
2
1
1
2
2
2
0
2
1
5
2
2
1
1
3
1
4
2
2
3
1
3
1
1
1
2
2
3
1
2
2
5
1
1
1
0
2
2
3
0
3
1
2
3
2
2
2
2
1
0
1
2
3
1
2
0
1
1
0
4
3
0
0
3
1
1
1
1
2
2
1
1
2
2
1
0
0
1
1
0
0
1
3
2
1
1
4
2
2
4
4
4
2
2
0
1
2
1
2
1
2
1
1
3
0
0
1
1
1
0
1
2
1
2
1
3
2
2
2
1
0
4
2
2
0
0
1
2
1
3
5
0
2
2
1
1
1
1
1
1
2
1
1
2
1
2
3
3
2
2
3
3
4
2
1
1
4
3
1
1
0
3
3
0
1
1
2
2
0
1
4
1
2
0
2
2
4
1
0
0
4
0
2
2
1
2
1
1
3
2
1
1
3
1
3
0
3
3
3
1
2
2
0
0
1
3
1
2
3
2
1
0
2
2
1
3
0
2
2
1
0
0
2
3
3
1
2
1
1
1
2
3
2
2
4
2
2
1
3
2
0
2
2
0
2
1
1
2
0
1
1
1
2
3
3
4
1
3
1
1
1
0
5
0
1
0
0
1
1
2
1
2
0
4
4
1
1
1
1
1
2
4
1
1
0
0
2
1
2
0
1
2
2
1
1
0
3
0
1
3
2
0
4
2
3
0
3
4
2
0
2
1
1
0
2
0
1
3
3
0
0
1
0
0
2
0
2
0
1
0
1
2
2
0
1
1
0
1
0
0
1
2
1
4
1
3
2
1
0
3
3
2
2
5
4
1
2
1
1
0
3
3
2
3
1
4
1
5
2
0
1
1
2
1
1
2
0
0
1
0
1
3
2
2
2
1
4
2
2
1
1
3
2
0
3
2
1
1
2
4
1
2
1
0
2
0
3
2
1
3
1
1
3
0
3
1
4
4
3
1
1
1
0
2
0
2
1
2
1
1
1
0
2
1
0
0
3
1
1
3
0
2
5
2
3
1
2
1
0
2
2
0
1
1
4
1
0
1
1
4
2
1
1
0
3
0
0
2
3
4
1
0
3
3
1
2
0
1
0
1
3
0
0
2
0
6
3
0
2
3
2
1
3
0
1
2
0
0
1
1
2
0
4
3
0
3
1
1
1
2
3
0
1
1
1
3
1
2
2
1
2
2
1
1
3
1
0
0
1
0
0
1
2
1
0
2
2
1
2
1
2
1
0
3
0
2
1
2
1
1
4
2
2
1
0
2
1
3
1
2
2
2
1
0
1
3
1
1
1
1
1
0
1
0
0
2
1
3
1
0
2
1
0
5
2
2
0
0
3
1
2
3
0
1
0
3
3
2
3
2
1
1
3
4
3
4
1
1
0
1
1
0
0
1
1
1
0
1
1
3
3
1
1
1
1
0
1
1
1
1
1
1
1
0
2
2
3
3
1
2
0
2
2
0
1
1
1
0
3
4
0
0
0
3
2
0
0
2
2
0
0
1
2
2
0
2
0
1
4
1
1
2
1
0
1
1
2
1
0
1
2
1
2
2
0
0
5
3
0
1
1
0
1
2
1
1
2
2
4
1
3
2
2
0
2
2
4
1
1
0
1
3
0
2
4
3
2
3
2
1
4
2
5
1
1
1
2
2
3
0
0
1
3
0
0
3
0
2
1
1
1
3
2
1
2
2
0
3
2
3
1
3
1
0
3
2
4
1
1
1
1
0
0
1
0
0
1
3
2
1
3
2
1
3
2
1
3
1
1
0
2
2
2
0
4
3
1
1
1
1
2
1
3
2
1
1
2
2
1
0
2
3
3
1
6
3
1
2
0
3
0
2
0
2
0
3
0
1
2
2
2
0
0
2
0
1
0
1
2
3
2
0
4
0
0
1
2
0
1
3
1
2
1
5
1
4
1
1
3
3
1
3
3
3
0
1
1
2
1
3
1
1
3
1
2
2
2
0
0
3
0
2
0
0
1
0
0
0
2
3
1
4
1
1
0
2
2
0
2
0
0
1
1
2
3
0
2
1
3
1
1
1
1
1
3
3
1
2
1
3
1
0
0
2
1
1
3
3
2
3
1
2
1
1
1
2
0
0
2
4
1
4
0
1
0
1
1
2
2
0
0
2
2
1
2
1
3
1
2
3
0
1
2
3
1
1
3
1
2
2
1
0
2
0
2
1
1
3
3
1
3
1
0
3
1
0
1
1
1
1
2
1
0
3
1
1
3
1
1
0
1
2
3
2
1
1
1
0
0
1
0
1
3
0
2
1
2
5
0
3
4
3
1
1
0
1
0
1
0
3
4
2
2
1
0
1
0
2
2
0
3
0
2
1
0
1
1
0
0
1
2
2
2
1
2
2
0
0
0
3
2
0
1
1
1
0
0
2
1
1
0
1
1
0
0
2
2
2
1
1
1
2
1
3
1
0
2
2
0
0
0
0
2
1
4
2
0
0
1
1
2
1
1
1
0
3
1
0
1
1
1
1
1
0
0
0
1
1
4
0
0
3
0
3
0
1
2
1
2
0
3
4
1
4
1
3
1
3
3
1
2
0
2
1
2
2
2
1
0
1
0
0
1
0
0
3
3
3
1
0
1
1
3
0
3
0
0
1
1
2
1
1
0
0
0
0
1
2
1
3
3
1
0
1
0
1
1
1
1
1
2
0
2
0
1
2
2
2
0
1
0
2
2
2
2
2
2
3
0
0
0
0
0
0
1
1
1
0
1
0
2
0
1
1
1
1
5
0
2
0
0
1
1
2
0
1
1
0
2
0
1
0
3
0
2
3
2
0
1
0
2
4
6
1
1
2
2
2
0
1
2
0
0
2
2
1
0
1
1
1
0
1
1
1
0
1
3
3
2
1
0
0
1
1
0
4
3
0
2
3
0
1
1
1
5
4
0
0
0
0
2
2
0
2
0
1
0
3
3
2
1
1
2
1
0
3
1
0
0
2
1
3
1
2
2
0
0
8
1
2
1
2
0
0
1
1
0
2
1
1
1
0
1
0
1
1
1
2
3
1
2
3
0
0
0
2
2
2
1
0
1
2
1
4
2
1
0
2
0
0
1
0
2
1
2
2
3
1
3
1
2
1
2
1
1
1
2
2
0
0
0
1
2
4
4
2
0
2
0
0
4
1
0
1
1
2
1
3
1
3
2
3
1
2
1
2
2
1
2
2
2
0
2
0
2
0
2
1
3
1
2
2
3
2
1
1
2
0
1
3
2
0
0
0
2
1
4
2
2
1
0
4
0
2
1
1
1
1
0
3
2
3
0
1
2
0
1
1
2
0
2
2
2
2
0
1
0
0
3
3
3
1
1
1
1
3
1
1
1
2
1
0
1
2
1
1
0
1
3
3
0
0
0
0
1
1
1
2
1
0
1
1
2
0
1
1
4
3
1
1
2
2
1
0
0
1
0
1
4
0
1
1
0
0
2
3
1
0
2
2
0
2
0
1
1
1
1
2
1
0
2
0
0
0
2
1
1
2
2
2
2
3
3
2
3
1
0
1
2
1
1
1
1
1
3
1
1
2
2
0
2
0
2
1
0
3
1
1
1
1
0
