1201
1321
1463
1804
2723
3379
2593
1395
720
389
239
162
130
125
98
104
84
81
79
66
69
67
59
58
70
71
52
53
48
49
33
52
60
42
50
43
44
42
45
33
45
45
42
37
47
35
53
41
53
46
45
51
42
53
49
58
50
59
45
65
53
59
64
43
47
63
50
42
58
41
51
51
60
35
44
54
53
43
56
55
57
58
48
55
61
43
72
55
58
72
66
70
64
58
59
47
67
73
66
68
65
50
69
73
70
62
61
78
66
87
74
76
77
62
69
84
81
74
97
84
87
99
77
96
115
82
116
119
113
116
113
102
121
128
132
105
131
130
115
136
156
147
140
144
152
146
136
162
153
176
174
176
180
188
195
183
201
213
203
189
187
233
224
239
242
235
248
263
257
267
254
274
280
316
304
284
309
324
334
376
345
380
363
382
410
401
407
422
464
469
525
522
577
544
615
575
626
620
711
742
698
754
768
834
758
866
828
886
912
964
960
986
976
947
900
987
1008
1013
939
993
982
985
967
955
902
920
930
912
915
923
873
896
902
838
787
827
901
806
802
853
832
817
797
813
817
829
815
773
788
777
777
764
749
769
747
740
752
740
721
690
724
684
726
643
653
676
655
605
643
604
613
601
612
693
697
674
642
663
640
597
658
611
596
607
665
667
632
655
649
666
611
635
703
681
639
660
642
682
657
657
653
647
676
673
658
687
636
648
675
669
676
679
651
658
657
668
684
651
675
649
644
687
682
665
692
656
640
699
687
683
689
689
667
659
662
662
622
698
647
638
626
653
683
631
662
646
693
665
672
685
653
709
723
678
648
675
645
642
686
701
701
685
696
679
693
702
715
664
679
672
653
676
622
668
685
716
647
699
692
659
637
675
692
682
672
660
666
667
694
678
625
680
681
714
606
697
692
696
630
697
734
644
648
637
687
647
694
673
701
652
703
653
674
690
700
709
668
668
724
711
660
716
689
697
717
699
763
612
686
696
656
720
681
704
693
682
724
698
716
634
662
724
716
739
692
666
672
695
700
741
750
712
748
708
743
783
739
731
764
682
765
729
728
743
706
715
710
751
708
746
740
813
797
819
765
777
738
739
726
785
793
751
829
766
829
782
800
789
783
782
816
832
795
782
799
796
830
759
784
796
819
783
811
822
773
773
794
789
837
798
793
755
726
789
739
771
780
776
746
771
794
735
759
795
788
805
790
821
789
774
764
738
767
738
752
786
804
739
718
741
764
725
728
731
693
761
700
700
739
732
738
698
719
734
741
695
704
711
736
704
707
688
699
741
703
710
705
720
676
726
712
711
680
710
735
718
729
668
718
682
687
716
695
687
727
671
672
666
683
676
667
678
646
689
713
669
707
706
719
695
689
703
686
671
658
683
694
709
690
753
637
707
662
765
713
651
710
678
675
658
666
699
724
674
661
678
710
673
700
692
694
684
685
685
642
700
632
730
687
654
656
655
653
697
681
657
674
686
657
636
691
685
683
708
636
660
647
648
649
661
655
642
683
613
644
573
663
645
651
593
625
637
638
620
619
679
625
595
629
673
625
636
656
598
648
600
606
570
615
606
597
607
581
592
634
597
576
574
602
573
606
613
627
567
565
635
597
635
632
574
574
553
546
611
587
590
617
589
582
599
586
616
585
600
577
579
578
588
553
615
533
596
578
597
591
563
571
611
532
594
582
583
601
550
613
617
589
577
574
564
559
578
568
534
583
578
580
557
627
577
537
573
587
614
588
555
590
566
580
552
560
568
541
573
584
587
606
544
595
544
589
572
532
531
595
565
575
541
599
592
577
510
523
559
566
564
568
562
592
579
546
550
533
581
570
558
524
567
516
526
603
569
571
531
518
551
549
560
525
569
514
577
509
500
520
523
526
516
566
516
560
561
495
520
569
494
487
543
568
515
561
509
542
549
565
528
519
496
515
497
548
504
531
523
503
491
490
525
536
536
513
543
534
544
499
493
502
533
539
528
484
496
521
538
527
518
535
542
523
486
510
522
521
526
494
479
485
507
525
516
475
495
497
537
572
531
557
527
528
453
534
536
517
547
517
539
522
549
500
513
556
500
478
503
490
498
523
541
508
511
501
525
495
551
484
501
525
509
515
522
508
496
486
473
505
500
473
509
491
480
483
498
472
523
492
505
455
477
513
499
476
515
474
488
429
494
454
477
448
463
452
469
484
424
481
510
480
448
473
481
429
460
443
464
453
438
446
433
421
441
405
454
422
438
435
460
449
428
436
415
411
450
429
466
443
472
429
440
458
421
456
445
456
442
420
428
442
493
421
445
434
447
422
439
414
412
432
460
421
471
435
428
434
417
405
469
429
474
432
395
429
434
406
409
379
439
431
428
435
402
403
434
413
447
427
426
435
419
439
421
403
432
409
415
451
444
416
384
411
438
443
425
438
370
380
396
434
371
423
415
439
422
397
409
382
408
465
420
420
391
381
434
415
406
427
391
401
404
416
432
422
381
398
399
418
402
380
408
427
373
405
387
384
405
407
397
404
393
401
396
420
388
407
369
371
401
411
423
395
429
406
394
438
415
409
416
406
395
374
363
376
367
398
357
377
380
406
393
421
409
379
365
353
419
369
379
371
408
369
385
383
389
375
389
360
378
369
361
386
388
352
355
376
385
349
392
395
371
349
345
410
320
391
366
340
352
382
394
378
348
352
371
363
354
349
368
345
368
338
365
339
347
350
298
320
347
348
342
349
345
369
355
347
365
339
344
366
378
355
320
333
326
328
333
358
325
357
347
343
336
345
318
298
352
335
346
340
335
318
338
323
342
319
331
319
339
304
341
344
330
317
316
311
290
322
309
320
280
306
327
259
279
310
306
338
333
305
314
303
320
298
339
304
282
301
307
339
291
321
289
319
307
293
295
324
312
284
324
305
275
329
326
279
305
315
294
263
299
290
303
284
288
289
290
297
267
289
287
311
295
273
294
272
313
278
304
302
274
297
276
286
283
324
301
319
293
300
302
293
264
313
294
270
304
312
247
304
282
263
269
278
293
277
296
296
304
252
294
278
291
261
272
293
274
283
262
269
297
287
279
325
283
261
256
291
275
270
279
280
274
253
298
292
260
282
271
265
238
287
274
264
265
258
270
290
253
253
262
275
249
276
262
252
292
275
274
267
284
250
220
246
261
299
292
251
235
267
263
260
279
246
263
251
280
249
272
267
261
242
259
286
278
250
265
270
261
244
262
259
258
260
284
257
275
309
265
293
272
264
265
238
254
260
249
276
297
271
277
271
243
254
272
255
258
260
291
267
279
263
256
271
290
280
256
267
267
271
247
239
270
274
267
279
285
264
265
259
243
291
268
269
288
273
307
271
266
260
269
289
291
293
298
259
287
281
297
284
267
293
281
275
271
291
307
284
287
269
282
324
288
295
297
271
312
279
325
289
267
286
293
280
289
273
328
302
288
305
298
283
304
328
332
271
312
301
262
310
307
302
312
306
301
311
306
315
245
303
305
310
308
319
304
344
326
302
316
316
314
317
339
361
337
321
302
312
340
287
329
338
314
311
355
335
360
342
360
345
330
325
351
391
374
358
356
369
383
402
388
395
413
361
395
376
406
401
375
439
376
411
433
414
452
430
446
447
478
484
444
444
473
457
479
483
471
489
519
509
559
533
552
505
517
585
537
562
570
565
595
561
580
555
581
635
593
648
657
628
637
682
668
691
673
677
653
716
735
684
805
759
755
737
765
716
802
782
808
804
805
853
778
834
859
853
860
834
870
915
922
913
938
939
890
918
941
913
917
926
964
1006
901
978
960
977
945
932
969
1025
964
953
993
976
980
978
1006
952
1012
1016
1012
1028
1023
974
945
989
1003
1024
897
998
965
913
975
952
974
913
973
969
915
880
893
966
893
872
826
907
863
890
917
837
854
789
847
871
786
816
769
768
785
768
773
706
721
676
683
719
679
709
637
670
639
662
639
686
640
600
591
597
600
554
534
552
557
497
465
502
483
510
491
440
462
428
427
432
408
405
411
399
394
385
413
376
365
388
340
305
336
313
318
308
310
297
309
285
223
253
225
230
258
229
210
232
173
190
181
208
212
174
198
173
151
184
172
143
147
163
178
135
154
146
170
144
139
135
125
156
118
125
115
112
120
125
113
134
117
93
103
98
110
100
106
109
86
100
97
85
94
83
91
87
92
74
84
75
61
81
90
81
67
76
84
64
66
92
67
93
80
75
77
68
70
77
69
78
83
69
70
70
69
64
72
63
71
70
70
58
83
70
55
66
60
61
65
56
70
71
66
75
60
74
64
66
64
56
67
67
60
68
55
69
67
68
65
59
63
70
68
53
64
69
57
54
77
51
85
58
60
56
58
68
54
65
61
65
66
36
64
67
49
66
60
52
64
57
65
50
65
51
64
61
62
58
59
56
68
67
66
58
61
64
56
56
63
72
49
72
54
67
59
59
61
60
64
56
73
58
61
69
54
53
50
59
67
51
55
57
60
51
49
56
64
59
49
43
45
51
64
63
56
63
50
44
59
62
63
53
55
54
65
56
86
43
49
61
62
51
61
53
62
55
49
66
68
60
58
60
70
65
70
49
61
56
54
47
67
49
43
54
43
53
56
49
47
49
51
62
46
48
61
59
50
60
49
40
43
56
59
53
57
54
52
55
60
49
59
55
51
45
58
52
50
60
54
47
38
56
50
38
47
48
56
40
47
53
44
52
69
53
58
66
33
53
51
54
47
43
56
54
57
41
45
48
52
44
52
43
43
42
52
48
53
44
56
56
52
52
54
61
44
40
48
53
34
36
54
43
46
43
45
59
50
51
50
60
41
42
44
50
48
37
49
45
31
46
52
43
51
47
49
51
41
48
57
36
52
40
40
40
40
55
43
48
49
60
48
38
47
51
54
45
46
44
56
47
50
47
39
44
47
44
60
44
47
58
44
37
48
47
48
53
43
40
39
57
37
43
45
45
49
52
59
53
49
53
46
48
39
45
47
35
51
43
47
49
50
58
49
53
56
42
42
56
45
39
39
41
39
36
60
53
48
37
41
37
53
54
56
42
42
36
52
57
62
44
35
38
43
45
53
43
43
44
46
53
35
42
47
40
45
34
43
50
45
40
46
43
56
35
56
33
34
55
39
50
61
56
53
46
43
45
47
59
54
50
48
53
54
51
44
47
42
45
67
37
43
56
44
36
36
59
51
49
45
46
38
41
50
47
44
52
50
55
33
38
42
53
49
43
40
46
48
45
57
49
43
41
51
44
39
57
55
44
46
46
45
42
42
44
40
50
62
43
44
42
42
39
33
52
52
50
52
52
40
47
44
42
47
48
48
46
35
44
33
44
43
52
41
51
44
52
49
44
48
38
31
49
44
44
39
51
35
49
48
45
39
39
34
37
46
37
40
46
45
44
48
49
37
38
42
51
38
47
38
42
38
43
37
37
44
49
30
39
29
39
42
38
34
49
37
40
37
48
34
35
40
40
33
32
37
46
38
45
25
39
39
49
45
28
43
39
43
21
46
46
32
44
41
39
51
32
42
43
31
33
36
42
38
36
58
28
31
36
36
45
40
35
48
37
32
42
39
38
33
35
43
35
41
44
44
29
35
25
43
33
30
35
37
41
42
35
30
23
36
38
29
43
32
38
39
32
21
31
35
34
32
22
36
25
42
33
29
39
32
47
35
39
37
39
26
41
33
26
37
22
38
23
34
36
28
34
26
32
26
37
36
38
25
26
34
31
28
26
22
35
31
37
26
37
25
22
29
28
31
29
34
33
36
26
34
35
29
20
25
42
24
27
31
37
33
34
33
27
38
39
25
29
28
27
31
28
27
25
32
27
27
25
31
33
26
22
28
30
32
40
22
33
26
32
32
16
36
30
28
36
29
29
34
27
24
34
28
36
35
31
24
32
29
27
24
27
16
39
22
23
33
29
18
24
26
31
35
26
18
27
30
23
23
29
31
31
29
35
34
30
30
22
32
24
23
29
33
30
36
22
23
19
30
19
26
27
23
23
33
26
28
33
17
23
31
17
17
29
27
25
23
31
30
14
37
27
22
28
32
32
29
30
18
36
30
17
32
38
26
24
19
37
20
32
25
29
32
29
29
31
32
18
29
46
24
28
41
23
27
38
23
27
24
33
31
29
26
20
21
26
31
30
29
30
28
26
36
33
32
21
26
37
28
29
25
34
30
17
28
19
29
29
25
33
31
23
20
39
24
26
39
33
24
23
40
22
32
35
27
22
21
26
25
40
36
30
31
36
22
22
32
25
33
21
35
22
32
16
31
21
30
34
31
28
30
24
33
28
30
20
26
31
27
28
33
25
37
15
35
18
35
28
32
26
18
27
26
29
28
26
28
21
30
30
31
22
34
31
30
24
29
27
28
19
27
38
24
33
25
33
25
35
32
18
26
20
30
14
29
29
33
30
23
14
24
32
22
33
26
22
26
21
28
22
23
30
26
21
20
30
28
29
31
23
17
23
21
27
27
20
27
24
28
26
24
29
25
21
32
29
30
26
19
23
24
19
17
19
34
17
31
24
24
27
25
21
32
24
24
17
24
16
26
28
14
23
26
17
20
19
30
21
32
25
23
26
24
19
25
23
15
19
33
30
17
24
28
16
21
20
22
20
18
23
22
27
22
25
22
21
24
15
21
18
18
19
22
16
32
14
25
18
22
27
17
14
14
13
24
12
30
22
18
14
24
16
25
19
19
15
24
13
21
22
19
23
25
23
19
18
16
19
20
23
28
16
17
15
23
18
19
16
12
22
14
20
22
27
16
27
21
10
14
20
18
26
21
28
23
19
18
18
19
18
19
21
20
32
18
15
19
14
16
11
15
14
14
12
13
22
16
18
13
18
16
21
10
19
14
22
17
14
17
18
18
14
14
22
14
15
21
28
17
12
14
12
16
14
18
20
16
20
15
17
12
16
17
12
18
19
18
18
10
18
13
14
14
16
14
16
14
18
13
14
26
13
12
16
20
15
15
21
18
18
12
9
17
19
18
12
17
12
15
13
14
12
12
15
17
16
15
18
12
15
23
11
19
11
13
16
14
15
16
12
15
13
19
13
8
6
8
11
16
14
8
9
19
6
16
14
14
11
13
16
13
8
14
17
12
13
15
24
8
9
14
11
8
16
11
13
15
10
21
17
11
8
6
11
9
14
10
10
17
11
15
10
12
11
11
9
12
12
15
8
16
12
13
15
12
6
14
13
10
8
13
9
14
7
12
7
9
16
8
16
8
14
7
11
16
10
12
8
16
6
8
11
11
7
12
10
13
9
9
12
8
6
10
8
12
9
13
7
12
10
13
12
10
6
15
13
10
10
12
11
11
9
11
6
14
8
7
8
16
8
11
9
10
10
15
12
17
10
11
7
10
15
9
7
10
5
10
10
8
11
21
9
12
10
11
7
6
10
13
12
10
8
13
11
9
6
12
8
7
9
8
7
9
10
10
6
9
6
6
10
14
8
11
8
12
9
13
11
14
7
11
12
7
8
11
10
9
8
8
10
5
14
1
9
13
9
9
11
7
13
7
10
13
8
9
7
8
14
17
11
9
8
10
9
14
7
15
7
16
10
13
5
8
14
9
18
11
7
10
6
8
12
8
12
14
8
4
7
18
11
9
8
2
10
10
15
10
11
8
7
8
13
11
16
11
16
6
10
11
4
11
15
10
12
13
8
7
14
9
9
14
8
14
9
4
13
13
6
8
10
17
4
10
12
9
10
4
8
9
9
12
12
8
10
8
13
14
13
15
18
9
11
3
9
3
9
8
9
12
15
11
7
18
10
19
8
16
12
11
9
7
10
16
14
11
15
11
7
9
3
13
14
16
7
14
8
10
11
15
10
11
13
11
10
16
18
10
17
9
5
7
16
19
9
16
9
17
11
21
12
10
9
11
13
22
15
14
10
10
20
17
17
12
21
17
15
10
12
15
23
18
17
16
14
13
16
22
14
17
15
13
19
10
18
17
18
18
15
21
16
17
17
19
18
23
22
17
9
20
16
13
15
17
20
16
19
32
18
17
16
22
18
13
16
16
29
24
21
25
18
21
20
22
13
21
16
22
11
12
22
23
19
15
30
16
20
24
25
16
18
21
22
16
27
22
29
18
22
26
26
17
28
28
21
34
10
22
15
23
23
26
21
19
20
17
22
21
28
30
20
22
19
24
22
18
19
15
25
18
23
21
32
22
24
20
20
26
25
22
21
23
20
19
16
23
25
15
24
20
29
19
19
21
27
13
28
20
21
26
25
26
29
14
21
20
9
12
21
21
12
17
19
13
15
15
16
20
28
19
17
18
13
13
17
24
18
11
15
14
20
10
13
19
19
19
16
17
20
14
9
12
8
10
9
16
13
17
6
15
9
18
14
6
15
15
11
16
18
13
12
16
13
13
13
15
15
10
7
16
14
16
9
12
8
10
6
11
7
7
6
7
7
11
12
16
5
9
4
5
8
11
10
6
8
6
7
13
5
7
3
14
9
13
9
4
6
7
14
6
11
5
11
5
5
8
5
4
9
7
5
2
12
2
7
5
5
11
14
6
6
7
9
8
7
10
6
2
8
3
6
7
6
5
4
6
4
6
3
3
5
5
2
8
8
7
4
3
3
6
8
6
3
9
5
6
6
5
4
6
5
6
4
5
2
2
5
8
2
7
6
5
3
4
4
3
7
4
2
4
1
4
7
3
1
4
8
5
7
7
6
8
5
2
1
4
7
2
4
2
6
7
2
3
2
5
0
3
3
2
4
2
4
4
6
4
5
1
4
4
2
4
3
4
4
5
1
6
8
2
3
6
5
3
4
3
2
4
9
4
3
5
5
2
3
1
3
2
4
6
1
1
1
2
3
5
0
5
4
0
3
4
2
3
4
1
3
1
1
2
2
1
1
2
3
6
1
3
2
3
3
3
5
5
2
6
2
5
0
3
3
0
1
5
1
1
4
3
6
3
2
2
4
2
4
2
4
4
1
1
3
3
3
5
6
3
1
7
4
1
3
6
3
6
3
2
5
2
2
2
3
2
3
1
3
2
3
1
1
2
4
0
3
2
4
4
1
4
4
7
1
3
2
2
0
4
5
4
1
1
3
4
3
2
0
6
1
3
1
3
4
2
2
3
4
3
6
2
1
4
5
2
2
5
2
1
1
4
2
4
5
2
2
0
2
1
4
6
0
1
3
3
2
3
2
1
5
3
1
4
0
0
4
4
2
2
2
2
1
3
2
2
4
0
1
2
3
2
3
2
2
2
1
3
3
4
3
2
3
3
4
