807
903
923
1353
1931
2376
1948
1120
605
359
250
208
180
169
152
169
129
133
129
132
101
117
97
105
112
98
97
110
86
94
105
105
89
91
104
84
112
92
111
86
82
101
85
69
74
83
85
90
71
84
82
84
91
76
75
82
71
83
77
101
99
98
70
87
78
69
81
78
79
79
79
76
68
89
87
86
79
76
81
62
73
89
85
84
76
79
90
88
101
91
86
94
72
84
65
76
73
81
74
86
59
74
64
99
73
59
112
75
71
84
87
74
74
79
81
99
90
103
87
92
89
86
79
85
86
84
85
92
88
83
90
108
98
101
92
102
102
93
92
115
108
109
95
116
99
124
137
104
116
106
125
123
126
142
138
140
147
140
145
174
150
155
168
169
161
177
182
199
165
183
227
237
194
225
226
206
234
274
250
277
277
273
297
329
296
350
338
366
360
420
408
434
455
475
455
507
502
540
558
554
577
593
602
594
592
617
627
639
638
603
634
605
563
605
601
635
599
617
625
624
588
570
602
565
601
615
548
572
595
607
577
562
557
557
615
593
546
580
525
575
556
538
524
540
549
518
484
482
482
522
454
484
487
503
484
443
483
482
479
491
471
486
459
445
498
474
446
460
502
484
520
528
438
462
527
484
458
514
463
457
461
493
437
481
456
454
505
458
492
487
491
503
465
473
490
488
495
451
464
490
494
445
507
466
474
509
481
552
468
503
480
443
513
512
485
480
473
482
502
525
486
493
491
501
511
516
517
496
491
519
504
504
511
442
454
519
511
486
499
514
490
484
463
487
467
490
490
520
514
490
483
528
472
508
468
504
518
472
499
522
536
470
499
503
483
465
483
502
494
535
472
533
477
451
477
500
491
500
463
516
510
465
514
489
509
496
497
486
485
470
511
433
506
475
477
501
504
487
482
466
497
489
468
459
461
463
479
502
475
488
516
514
482
519
509
512
496
502
502
437
490
474
461
448
505
525
468
477
516
473
510
494
512
501
445
480
502
470
498
452
488
452
526
452
424
490
436
494
501
457
452
470
476
485
521
481
459
507
490
473
514
493
505
491
472
488
463
496
491
474
485
483
474
516
471
472
484
526
465
503
503
482
455
510
444
491
491
450
479
489
516
481
492
527
525
486
479
466
500
439
506
533
493
476
487
483
486
509
455
499
454
511
480
484
432
470
471
481
501
505
496
508
477
479
459
505
473
473
504
476
504
484
507
491
493
489
475
409
511
488
499
490
530
489
483
435
467
514
510
504
512
467
486
491
480
490
482
468
474
532
492
521
511
465
565
502
546
506
526
487
489
471
482
495
483
495
465
493
512
518
490
469
498
473
483
489
505
481
469
524
505
494
479
531
499
506
510
539
527
539
457
521
531
476
473
476
504
476
544
546
481
475
500
505
472
493
498
510
501
475
482
472
440
497
476
468
471
497
473
455
453
483
482
476
484
480
442
447
447
458
465
461
472
478
436
464
453
461
453
447
455
422
457
463
446
439
439
464
404
464
412
485
455
450
415
396
426
449
424
423
417
393
448
422
427
429
442
419
449
433
390
451
426
407
415
415
403
402
425
413
442
391
378
393
398
413
406
371
411
415
432
422
377
427
426
424
387
407
409
426
407
456
423
401
412
410
391
402
423
379
379
439
400
410
423
392
399
420
427
453
410
401
390
411
395
400
390
395
385
390
420
403
431
395
423
386
354
412
401
397
403
384
390
396
393
384
374
404
393
368
371
375
391
349
344
362
366
382
344
338
387
379
384
385
386
382
403
368
376
381
381
358
358
349
371
346
361
345
353
385
337
374
358
370
361
330
371
311
337
327
344
341
334
343
338
347
344
334
361
360
351
341
336
334
327
329
364
339
308
358
355
355
330
348
327
324
351
335
355
323
378
343
359
353
352
343
348
344
337
347
370
332
322
319
350
358
363
350
358
363
365
377
322
353
355
355
318
360
325
346
346
366
337
348
326
378
339
352
344
324
320
332
336
348
338
354
356
322
336
357
324
330
307
337
320
340
350
343
309
334
361
365
326
316
311
326
340
328
339
323
321
329
328
325
290
303
292
297
283
337
325
328
299
301
323
277
287
292
299
285
316
314
298
267
296
270
262
269
280
296
270
272
271
234
276
248
249
265
278
270
264
286
241
269
275
248
262
240
246
227
247
247
250
244
244
235
248
254
280
241
233
224
238
255
221
249
237
221
222
229
252
237
238
245
245
220
219
267
257
228
224
235
241
228
232
240
245
236
225
211
226
229
250
244
206
235
225
240
227
203
232
204
216
213
247
249
211
219
256
240
210
209
247
239
222
215
208
238
230
212
223
196
218
213
194
214
220
241
228
238
201
214
213
199
204
211
224
179
191
209
215
220
206
206
199
196
219
200
227
192
207
172
191
194
191
185
229
213
198
204
210
210
197
194
176
195
217
223
210
182
200
191
186
176
178
209
185
194
220
199
205
224
176
200
208
190
197
212
186
207
204
193
196
169
225
202
184
194
191
210
184
198
210
193
156
186
177
181
181
192
188
164
163
184
180
177
190
181
200
177
199
197
176
169
187
198
175
166
197
185
226
178
204
157
177
184
167
152
201
184
193
194
184
202
164
165
170
194
164
193
199
184
158
176
170
166
163
166
169
177
155
183
185
176
192
178
184
182
169
165
170
181
199
178
178
171
179
172
196
164
186
166
196
177
188
196
177
167
163
191
176
169
181
182
177
173
197
153
140
184
197
171
165
197
174
185
169
159
186
164
179
153
160
176
161
173
183
179
170
177
171
150
181
189
177
175
158
196
178
169
182
179
180
195
170
187
190
186
174
167
184
167
175
161
178
157
160
177
172
170
170
158
173
198
186
158
167
178
177
180
162
203
150
172
178
170
171
167
165
174
162
149
198
172
167
165
191
167
159
178
173
157
161
166
152
187
158
165
155
182
187
159
141
160
181
169
164
139
164
175
185
150
168
163
155
162
160
152
171
161
153
129
150
157
138
148
139
129
140
148
149
150
165
164
150
145
160
178
144
142
166
147
146
134
154
115
148
159
152
130
164
158
131
153
142
145
139
164
171
116
156
124
160
149
133
130
139
136
143
135
134
143
148
130
138
117
119
154
133
137
141
132
132
137
149
141
134
144
127
127
164
161
139
136
156
148
141
148
142
130
148
157
157
144
148
144
150
126
123
156
147
134
143
153
126
146
148
156
154
146
170
134
147
138
140
125
142
167
128
147
143
161
140
154
142
158
150
135
138
179
147
155
166
129
164
154
143
164
151
177
143
172
173
170
162
152
171
149
148
156
155
150
162
128
173
166
165
164
165
161
137
135
147
150
154
160
157
165
134
172
147
157
151
162
169
164
149
161
175
153
148
183
177
164
158
183
165
155
143
149
151
147
162
160
135
174
171
145
147
162
155
163
149
155
138
156
162
155
156
153
153
144
139
142
151
139
128
170
138
133
129
146
140
147
148
147
160
136
161
155
134
140
137
125
124
156
123
156
120
117
136
135
138
124
132
112
121
115
128
111
119
107
126
110
101
112
112
101
128
101
121
131
113
134
96
102
112
98
115
120
107
126
117
125
83
98
125
103
98
89
94
113
102
108
105
97
111
99
91
91
101
91
98
102
101
91
99
99
95
111
98
117
94
86
92
88
105
93
108
89
83
90
103
97
101
88
94
98
86
79
106
83
85
95
95
97
76
88
84
96
94
93
87
87
104
89
97
94
87
64
101
108
98
77
83
88
85
99
90
83
91
87
95
78
95
92
103
83
80
90
87
93
96
87
87
93
87
90
96
85
84
86
88
74
88
73
88
66
71
89
78
76
84
78
87
66
81
103
76
83
88
77
74
95
80
71
93
64
89
79
92
77
68
68
82
73
72
87
80
71
74
72
91
82
85
69
84
78
78
86
78
69
74
85
86
84
84
79
75
61
75
74
69
68
74
87
73
83
89
88
75
74
90
77
72
78
73
86
99
90
76
72
89
92
68
73
68
97
74
88
81
74
77
76
86
79
88
73
89
62
88
82
82
74
72
80
92
88
67
69
62
89
68
61
75
71
75
74
89
85
81
73
96
68
72
82
62
84
77
71
74
76
87
80
81
70
61
69
67
69
70
64
72
64
84
74
63
65
81
70
91
74
52
65
64
78
71
72
84
76
55
65
79
70
57
83
61
75
75
54
66
75
78
66
68
78
66
68
74
80
69
85
59
77
62
58
84
82
83
73
75
61
64
65
70
77
70
64
81
73
75
55
80
70
73
72
72
70
55
96
66
64
61
88
65
67
60
83
79
77
57
57
66
72
78
68
67
87
86
67
76
74
62
79
59
51
67
59
78
70
58
65
77
68
73
76
79
66
86
74
56
69
68
70
79
51
65
71
59
61
83
66
60
71
72
59
66
65
65
69
67
70
62
63
56
62
75
80
66
63
59
59
59
62
49
62
63
66
37
75
63
81
67
60
50
60
63
60
76
63
61
67
51
68
60
69
66
67
58
51
77
66
76
67
51
47
63
61
66
52
57
59
61
50
50
73
61
53
71
55
57
61
46
51
42
58
56
61
64
73
66
51
51
54
54
61
50
62
56
42
64
68
51
51
55
38
63
47
47
47
46
57
66
54
66
41
67
52
72
52
54
58
76
71
56
43
54
57
54
56
59
58
64
60
56
68
43
48
58
49
51
49
52
56
51
53
47
49
53
72
60
53
59
60
50
60
57
63
56
58
52
59
43
46
46
54
49
49
54
60
60
45
46
58
45
52
64
46
56
50
61
48
43
69
62
57
60
42
56
53
61
51
54
49
52
56
66
45
56
53
58
47
50
43
60
45
68
50
44
54
54
79
57
52
58
74
41
55
55
61
53
55
47
54
51
46
63
52
43
58
66
50
64
44
49
68
59
56
65
50
64
57
53
47
59
65
50
59
60
50
63
60
59
54
69
53
48
49
61
57
50
60
57
59
58
54
52
53
73
63
54
45
55
60
44
62
55
48
55
50
43
60
58
44
56
46
52
46
43
49
58
50
39
46
61
47
62
49
48
73
64
56
59
42
62
51
53
52
50
69
55
64
41
40
52
57
57
51
56
64
50
57
57
61
57
60
59
51
46
44
56
60
50
51
49
52
45
68
55
48
53
44
53
56
62
52
62
49
55
45
47
53
49
63
44
48
62
49
68
53
48
55
46
51
47
63
38
49
65
55
46
61
50
57
57
52
52
55
55
55
41
48
45
57
52
49
54
40
42
56
45
46
52
44
39
47
52
47
41
63
37
52
49
51
54
39
41
49
42
43
57
54
58
47
41
48
47
43
46
39
47
50
56
42
36
51
42
35
39
46
48
42
53
51
46
43
50
43
30
47
47
35
44
55
36
40
55
44
40
49
43
36
53
48
60
39
38
31
43
46
47
37
37
31
46
39
40
40
38
31
56
48
39
34
40
32
47
37
45
35
37
51
47
28
43
33
35
35
44
33
46
49
41
48
37
28
39
46
37
40
42
34
34
40
41
34
41
29
42
33
38
36
39
40
34
31
33
34
46
38
46
43
40
34
46
45
29
30
37
36
28
34
39
33
40
31
30
29
51
31
39
34
21
29
31
34
29
48
34
35
33
28
23
27
46
45
35
42
30
37
39
42
31
31
32
33
30
31
37
31
23
43
31
37
44
34
42
29
31
45
36
39
28
39
23
28
31
29
40
29
23
32
30
35
30
25
31
38
29
40
41
23
33
28
36
37
27
37
33
26
37
31
23
45
41
37
31
31
32
33
36
41
31
39
38
36
39
32
29
28
37
31
44
31
25
40
34
34
30
31
26
40
31
32
32
33
33
36
29
35
32
38
39
36
31
31
31
42
31
39
33
29
30
33
44
22
33
36
37
34
40
28
41
35
30
37
44
26
29
31
32
29
31
36
21
33
34
34
30
29
27
32
37
43
35
31
37
45
41
23
34
39
30
34
42
33
39
46
23
23
29
37
36
37
32
37
38
27
22
33
32
36
33
41
41
46
36
38
41
33
31
40
39
43
33
37
35
36
33
37
40
39
33
34
48
39
36
35
39
42
33
43
36
49
39
26
38
38
34
40
42
28
28
34
34
34
28
28
32
38
40
34
46
38
31
37
31
35
24
24
35
45
27
34
29
39
42
29
36
31
39
34
36
33
34
37
29
37
19
44
33
31
38
34
33
26
40
32
33
32
38
35
34
32
36
30
32
33
34
26
30
30
27
33
29
32
29
33
23
36
42
37
47
25
29
18
29
37
24
24
27
33
29
40
34
32
28
32
25
28
41
22
33
21
27
31
33
35
34
29
26
36
30
28
25
26
28
24
32
32
35
25
22
36
24
32
31
31
32
18
27
26
30
21
35
33
27
30
31
39
38
19
25
35
27
27
24
28
22
29
26
30
22
25
26
27
32
29
32
16
28
26
20
22
31
33
20
30
26
20
33
32
22
21
26
23
19
26
23
25
22
20
19
33
26
26
34
16
26
21
20
25
23
30
32
20
18
22
26
21
26
22
23
26
25
22
23
28
30
18
24
30
26
28
14
24
26
32
17
28
27
16
27
18
30
22
20
15
20
24
14
18
27
25
17
27
18
22
25
18
19
18
24
21
20
18
17
29
20
22
30
20
22
19
18
23
30
32
22
17
22
28
20
17
23
28
20
21
25
19
15
19
14
20
17
26
19
12
24
16
13
15
16
22
25
23
15
21
22
15
15
12
15
17
24
22
20
12
15
19
20
24
26
19
21
17
23
19
17
25
19
18
22
22
19
24
20
20
15
23
11
16
24
21
19
24
14
19
15
18
15
16
14
19
22
16
25
14
32
18
19
20
22
20
14
16
26
15
16
21
20
12
23
12
14
19
18
22
23
10
13
13
15
11
20
13
16
22
15
15
17
18
13
15
14
15
17
15
18
13
17
17
14
24
13
20
9
6
21
17
19
19
16
11
14
16
17
20
22
22
10
20
17
16
8
14
14
12
15
6
14
15
11
15
9
8
14
9
11
15
11
17
10
15
11
11
13
10
18
9
12
11
13
20
15
13
14
12
9
13
19
17
16
16
11
9
12
7
16
11
14
11
15
16
12
13
13
6
12
18
8
16
22
9
14
13
11
9
15
15
13
9
12
10
21
7
9
12
17
13
13
12
7
13
8
17
10
12
13
12
11
13
16
10
8
14
12
10
10
14
12
14
18
9
11
14
21
10
11
12
16
6
14
12
11
8
9
14
9
9
7
11
5
10
14
11
10
8
11
10
18
15
13
10
17
14
12
16
13
4
14
9
7
10
19
16
7
13
13
13
11
10
10
13
10
15
14
10
9
8
11
13
11
8
13
15
13
12
9
11
13
14
21
13
23
15
14
13
15
12
14
14
10
8
10
15
15
12
13
14
17
15
15
10
20
15
7
14
10
11
7
10
18
18
11
17
18
11
11
17
5
5
10
12
11
13
10
11
14
13
15
9
14
25
11
10
10
13
18
9
22
17
17
18
13
14
15
15
15
16
13
16
15
17
18
18
13
6
17
16
21
14
20
21
12
17
14
13
18
10
9
18
18
13
19
23
21
15
17
9
20
17
24
16
10
14
19
20
17
25
17
20
26
22
17
17
23
13
20
26
21
22
21
23
21
27
16
17
23
18
14
16
28
26
13
24
23
27
19
16
16
26
16
28
23
22
24
21
14
20
21
23
29
19
23
14
21
28
19
22
15
36
23
27
29
22
18
12
25
19
30
21
17
25
16
34
13
26
19
24
21
26
22
15
26
26
29
26
26
26
34
21
30
24
32
26
24
30
22
33
27
21
24
24
27
25
21
22
27
31
29
33
22
29
22
17
26
40
25
36
24
38
18
21
29
19
19
24
30
20
26
26
31
25
21
28
27
36
30
31
16
33
31
29
25
27
30
25
24
29
20
27
21
37
23
20
31
24
30
28
21
20
32
25
24
29
20
19
38
25
31
23
23
20
21
26
21
22
24
21
22
17
22
26
19
16
20
28
17
25
23
28
18
18
19
22
18
29
17
20
21
20
23
14
17
20
16
19
24
15
21
20
22
17
19
20
18
18
19
8
20
17
18
20
17
12
21
18
25
16
15
11
17
15
19
14
15
20
10
11
10
19
11
12
20
19
15
13
11
21
14
14
12
21
15
11
15
13
10
9
10
10
15
10
19
14
16
9
9
9
13
14
6
9
8
12
8
9
7
7
5
16
8
8
7
15
14
9
12
8
7
12
10
18
9
7
9
6
8
4
7
7
9
8
11
6
6
3
5
11
7
9
12
1
5
8
8
11
7
5
11
4
4
6
3
7
13
5
8
6
2
9
10
9
7
6
6
5
4
3
4
3
7
5
8
9
8
7
6
14
7
3
9
3
6
4
7
5
5
6
7
5
7
5
7
1
7
0
4
4
11
6
6
6
6
4
7
4
5
7
6
5
8
4
5
4
3
1
4
5
3
3
2
6
4
3
2
7
8
0
3
2
4
8
4
2
6
3
6
4
6
3
2
8
3
7
5
3
3
4
1
3
3
3
2
5
2
7
3
6
4
2
3
2
6
6
6
5
3
2
5
5
2
3
7
3
3
2
3
4
2
3
3
4
5
6
2
3
3
5
4
2
7
2
3
6
5
5
6
3
8
6
3
5
8
1
4
3
6
3
3
0
5
3
2
4
1
4
5
5
5
1
2
6
1
4
6
3
3
1
1
4
2
2
3
5
3
3
7
4
4
1
1
4
3
5
2
1
5
0
1
7
2
4
1
3
5
2
4
8
2
5
2
5
2
2
1
1
3
3
5
2
5
4
1
3
2
2
4
3
6
3
4
4
2
2
0
2
2
3
4
4
4
4
2
4
2
0
1
3
3
4
5
2
6
2
3
2
4
4
7
6
1
2
3
1
1
3
3
2
5
3
2
3
0
2
3
1
4
1
2
3
0
3
3
6
4
1
3
1
7
0
5
1
2
3
2
1
1
3
5
6
2
3
4
3
3
6
6
4
2
1
3
1
2
0
1
3
5
3
1
2
3
2
2
4
3
1
0
2
3
3
2
1
2
2
4
3
5
5
1
1
4
3
4
4
1
4
4
2
2
3
5
4
3
1
5
3
3
1
4
3
1
1
4
5
4
6
5
5
5
0
5
3
2
5
4
3
2
2
4
2
0
5
2
5
2
2
8
2
5
3
0
5
4
2
4
7
3
0
3
4
2
2
4
3
4
4
5
2
4
5
4
2
4
0
4
3
6
1
4
5
2
3
3
3
6
4
7
1
5
4
1
2
2
