1203
1395
1597
1993
3028
3610
2692
1475
732
342
238
174
137
111
104
100
97
78
73
67
69
83
79
62
53
54
56
54
50
55
58
57
43
44
47
49
30
40
54
41
52
48
45
52
31
58
44
65
41
56
44
45
50
55
67
46
49
47
45
57
82
56
56
68
47
55
66
49
60
53
59
60
68
60
70
55
62
73
72
76
64
70
60
72
65
69
71
64
77
68
72
71
74
77
81
70
79
87
86
82
82
92
104
80
93
89
95
77
109
94
98
102
102
93
97
113
121
120
111
127
106
107
126
114
123
136
113
134
134
166
153
165
158
165
133
155
149
145
164
170
163
172
188
180
184
182
200
220
189
209
228
210
229
204
264
225
258
277
275
258
257
269
301
290
318
309
282
328
341
344
337
386
396
437
416
416
458
436
443
443
497
529
509
571
569
603
644
644
700
705
774
766
818
836
871
892
906
1004
977
1002
1014
1062
1120
1148
1124
1100
1226
1222
1247
1230
1241
1253
1183
1177
1217
1171
1143
1141
1200
1145
1130
1133
1076
1082
1028
1103
1102
1067
1036
1068
1014
1032
1035
1062
955
928
972
997
943
933
1054
989
936
962
885
949
929
909
826
890
793
842
873
821
773
769
813
824
802
766
814
761
732
751
796
732
743
742
762
722
729
741
747
776
764
762
758
769
764
718
820
762
764
751
772
743
785
736
773
787
775
730
730
741
759
799
743
809
757
815
781
770
768
776
799
778
776
793
786
801
724
768
767
844
817
779
785
830
740
762
823
767
827
839
821
799
742
781
723
770
796
760
799
806
835
806
781
813
796
776
809
753
797
832
779
840
811
812
795
765
770
822
827
751
803
769
793
818
770
836
788
833
805
817
759
787
804
819
819
785
800
800
769
777
803
822
802
802
849
857
859
787
810
856
824
846
785
776
812
822
777
768
768
839
844
787
816
820
788
848
804
847
787
792
838
761
795
797
778
834
806
904
799
796
783
792
868
847
882
831
802
912
843
876
742
828
865
857
787
887
785
860
876
839
860
832
877
858
847
812
848
842
815
891
840
885
848
890
824
881
843
839
883
826
853
880
881
875
837
887
924
867
926
877
880
903
901
887
909
866
907
980
882
908
897
868
954
864
890
939
935
899
914
962
921
996
970
954
966
965
938
973
1021
1019
960
976
973
1020
989
1027
960
996
967
947
960
928
961
916
926
970
990
963
979
983
1002
969
969
947
931
965
913
913
953
958
931
909
1015
944
986
998
1000
930
981
887
978
1008
935
922
983
979
911
902
953
917
924
926
969
968
898
905
956
916
896
939
876
917
913
933
991
929
967
921
927
952
915
987
923
945
977
909
902
936
915
955
914
931
941
891
917
917
881
924
946
883
942
922
915
959
889
905
903
901
926
874
895
904
904
900
908
870
896
901
870
874
872
887
907
859
850
854
838
860
831
889
892
881
855
903
854
834
895
872
883
904
927
896
823
867
877
888
837
835
825
821
866
792
884
800
786
821
848
803
788
778
839
823
825
786
793
804
809
781
828
806
797
847
799
785
821
791
788
761
784
761
769
804
803
780
855
786
798
734
801
740
751
794
729
738
757
770
783
778
777
731
761
740
775
711
725
802
820
725
740
764
759
766
782
757
788
730
743
749
766
758
755
718
775
761
747
721
757
756
724
750
742
724
713
782
753
747
692
760
721
793
732
690
717
744
708
728
752
745
705
716
716
691
751
790
749
766
739
692
769
751
720
746
708
723
758
678
758
738
734
700
738
681
717
722
706
696
732
727
725
738
710
718
727
734
697
695
692
715
700
665
704
709
663
703
710
651
683
672
734
694
653
705
670
656
672
650
669
697
676
670
730
694
669
647
691
678
663
665
643
699
634
648
706
668
619
650
671
677
649
661
652
639
654
638
676
647
643
672
636
700
645
617
697
654
654
617
609
669
601
634
639
676
633
661
705
691
626
662
610
648
639
628
669
706
678
666
642
638
635
681
641
696
665
654
666
604
634
607
681
665
680
654
643
647
650
641
666
656
666
659
649
664
687
651
725
627
660
629
717
682
661
650
659
675
636
690
642
667
651
649
655
663
633
637
678
662
644
595
643
613
657
654
628
654
616
672
610
605
634
602
615
641
604
617
601
635
597
644
632
633
571
615
624
637
602
656
604
617
563
624
599
577
548
588
609
631
612
566
556
622
559
581
583
606
577
562
532
588
557
565
559
568
645
620
594
554
546
584
575
541
536
580
556
592
609
508
532
586
529
548
579
509
552
529
589
533
569
562
612
589
572
579
577
553
578
563
552
537
515
569
519
582
552
583
558
547
562
545
550
572
577
527
566
556
583
542
575
565
550
542
515
517
542
522
525
542
555
515
554
512
502
504
536
549
563
601
528
562
582
532
549
524
506
522
585
513
498
531
512
546
514
549
556
463
537
506
536
551
462
545
560
541
493
542
540
498
550
527
539
556
507
510
514
493
537
536
512
496
539
509
552
559
515
537
498
512
533
499
523
550
541
510
496
541
537
489
507
482
503
527
539
494
529
546
475
544
512
499
473
511
502
526
509
488
516
510
461
473
504
497
462
528
521
516
481
535
470
513
483
474
485
475
503
480
460
496
468
479
451
450
479
475
469
465
486
491
444
457
478
438
456
472
449
486
462
463
461
467
452
436
436
437
440
435
441
451
508
466
436
434
468
472
447
456
433
419
426
423
429
401
445
417
455
431
412
433
407
407
437
426
437
410
392
415
406
417
382
430
395
405
390
398
410
404
400
383
406
399
396
411
418
408
408
370
423
375
377
395
388
407
435
420
368
393
364
388
402
397
382
438
410
417
393
362
381
406
370
417
384
407
412
350
398
363
360
398
369
378
400
410
390
440
443
438
405
375
404
375
390
369
371
442
399
402
363
372
370
368
406
375
364
395
390
385
406
421
363
338
404
361
391
377
364
391
373
375
378
403
360
389
402
379
378
378
351
361
372
368
350
392
364
371
366
404
381
382
374
369
369
353
409
369
351
366
346
348
357
344
351
344
345
351
359
368
366
346
341
357
361
350
351
323
315
336
345
323
360
340
324
349
320
332
346
351
286
311
339
326
318
320
347
324
321
319
311
342
323
317
330
312
322
292
321
278
328
307
321
341
301
310
322
347
313
302
342
313
301
317
311
264
323
337
357
301
301
314
289
293
307
308
324
308
303
294
293
334
310
307
353
278
342
307
308
306
317
308
321
317
329
310
329
296
330
290
322
317
320
326
326
317
317
315
301
321
328
317
332
343
302
304
307
321
311
312
338
316
293
304
339
301
345
359
309
323
344
347
300
320
328
313
336
361
335
307
296
343
322
355
335
342
348
355
306
298
311
322
337
333
337
333
357
315
339
388
348
346
330
337
330
339
323
363
364
354
387
332
341
377
368
324
371
370
336
341
341
376
355
334
346
363
372
335
344
373
356
353
361
363
389
377
376
390
380
359
371
371
384
408
404
388
417
396
422
395
438
380
433
428
435
404
447
409
433
423
427
450
467
459
444
483
484
465
469
467
529
524
491
475
519
533
558
575
555
575
579
554
586
577
617
622
579
603
628
606
669
627
659
716
689
659
715
680
678
727
768
746
804
776
819
814
812
792
855
897
908
909
851
919
884
971
873
974
1021
955
985
1022
1087
1008
1076
1077
1073
1067
1133
1077
1112
1120
1150
1148
1177
1199
1274
1188
1253
1270
1261
1333
1275
1343
1302
1313
1391
1322
1314
1405
1442
1356
1318
1424
1440
1477
1399
1488
1433
1448
1523
1468
1500
1485
1537
1494
1498
1496
1552
1493
1475
1490
1509
1442
1519
1506
1564
1551
1543
1524
1549
1537
1533
1472
1496
1529
1483
1442
1460
1452
1392
1478
1487
1361
1455
1429
1337
1361
1432
1315
1312
1367
1296
1321
1323
1313
1255
1249
1221
1234
1190
1186
1166
1132
1179
1188
1112
1109
1083
1075
1064
1106
1033
1025
926
946
944
972
919
918
861
952
823
810
813
822
788
738
781
716
739
697
688
714
605
665
645
651
593
631
569
568
535
533
546
511
524
450
518
479
465
442
451
429
387
427
399
381
398
321
347
331
340
299
300
312
308
286
267
261
265
262
236
243
232
243
224
225
200
217
188
216
185
174
188
173
160
152
166
162
123
169
168
129
149
135
144
136
125
125
134
106
115
121
120
121
115
124
107
100
97
103
110
107
76
87
95
105
89
88
103
96
115
89
91
73
84
77
91
71
95
87
78
79
79
70
86
87
62
86
67
77
75
88
75
82
66
74
76
69
76
66
69
81
88
73
77
74
66
68
70
70
79
60
64
54
77
79
67
60
77
68
80
64
83
73
68
68
79
70
80
70
67
76
67
71
64
57
77
64
65
73
66
86
66
70
69
81
78
72
63
77
60
60
81
71
89
69
82
65
72
66
69
70
70
71
74
80
73
72
69
74
68
69
65
72
68
67
75
67
68
63
75
67
72
49
59
72
74
73
74
70
75
62
66
75
70
76
74
68
72
57
67
77
65
60
76
58
57
67
65
78
70
71
67
67
65
69
66
67
79
57
72
65
70
52
71
63
70
64
78
65
70
77
57
72
63
61
59
57
64
60
67
76
64
58
49
76
66
54
52
61
56
53
58
69
67
56
60
75
60
71
54
69
59
59
67
60
48
78
74
71
77
66
60
55
64
75
65
49
57
74
71
64
67
76
61
62
62
56
62
59
62
59
65
59
62
55
67
58
67
76
65
65
54
68
63
64
71
54
63
75
53
55
49
83
65
60
59
54
61
64
43
67
55
58
61
59
58
62
66
53
64
57
58
58
57
63
57
53
70
56
59
53
47
71
51
51
66
54
45
55
54
58
54
57
46
56
48
57
47
63
62
62
55
45
68
62
60
49
52
51
64
46
59
44
61
49
60
70
66
53
42
73
50
46
53
49
53
48
72
53
54
52
55
57
60
65
45
56
51
46
57
59
55
74
59
55
54
40
41
60
49
59
64
46
71
61
57
48
48
53
62
45
61
66
54
53
45
36
57
54
51
56
53
66
58
48
61
57
45
41
42
56
44
58
52
53
39
73
61
52
56
57
71
46
56
54
60
53
62
53
53
61
63
65
54
58
67
61
50
54
43
52
47
64
57
47
57
51
45
60
68
51
61
59
52
50
65
51
66
50
59
62
55
50
65
49
46
65
53
50
50
49
62
63
51
51
48
49
59
49
54
51
66
51
52
60
61
36
36
46
53
50
47
47
53
56
71
51
55
44
60
38
53
55
49
62
62
52
53
61
47
42
55
54
57
44
49
39
58
48
51
44
53
50
36
40
51
51
58
40
42
41
49
54
49
44
45
59
57
52
45
50
43
35
42
40
58
45
48
44
44
55
53
47
50
52
46
43
45
45
46
64
42
40
41
48
49
55
39
44
58
58
46
53
63
45
39
55
46
38
43
36
35
46
46
50
42
48
44
49
49
34
45
56
45
37
44
45
52
48
39
50
49
40
40
44
41
39
47
52
34
43
34
50
46
48
35
45
39
36
36
48
34
39
43
40
53
39
47
45
43
46
47
35
47
44
44
38
40
39
38
40
36
34
39
50
40
43
32
48
39
30
48
44
42
42
44
44
32
37
29
41
49
47
38
38
28
49
26
37
32
31
45
40
40
50
45
38
43
46
37
33
42
43
33
35
47
39
33
24
38
37
41
42
42
32
43
32
27
32
36
46
32
39
24
45
42
36
24
39
34
49
43
42
36
36
22
36
44
46
45
41
42
23
41
32
26
34
28
39
33
34
36
41
39
47
38
33
40
27
41
40
29
27
34
38
23
37
28
29
31
22
28
28
47
40
33
38
33
33
35
23
33
31
35
37
27
26
32
35
38
31
41
33
36
23
35
44
32
35
40
30
27
29
38
32
35
34
25
32
29
28
30
37
28
33
49
38
41
43
35
39
40
26
31
28
43
38
33
31
37
36
34
33
33
24
42
34
31
38
38
33
25
36
40
35
34
30
34
44
27
29
34
39
39
32
33
38
33
41
43
26
36
38
37
29
36
24
33
32
32
38
38
33
32
27
26
34
29
35
33
40
30
33
30
45
32
35
35
25
34
45
30
36
27
25
35
26
33
31
29
35
29
34
25
35
33
44
39
34
45
23
31
29
36
41
28
24
45
29
32
29
27
29
38
24
26
29
31
33
31
37
37
35
39
34
34
46
31
35
29
32
33
33
34
35
41
34
37
39
28
35
30
40
38
42
33
34
29
31
35
34
25
27
38
34
43
29
41
35
30
30
34
35
28
30
31
21
36
38
34
30
27
42
26
41
26
27
28
28
37
34
29
34
30
31
27
27
34
28
42
33
39
26
31
35
27
31
33
36
29
42
25
26
34
33
35
32
41
42
32
41
32
38
26
32
26
32
30
35
26
32
29
31
41
32
44
35
32
35
38
27
41
37
27
30
41
28
41
29
40
35
33
51
30
39
35
34
33
31
27
32
38
41
23
47
33
30
28
32
21
32
39
25
37
29
25
33
40
32
43
33
34
29
24
32
27
32
35
33
35
26
30
30
26
32
27
37
41
26
29
27
40
23
43
24
25
38
30
37
33
30
23
26
21
36
36
27
27
24
34
26
38
22
31
38
31
27
32
35
34
35
27
28
17
38
33
28
26
23
25
31
23
22
42
21
29
29
21
20
37
26
28
32
22
24
24
23
31
27
23
23
25
20
31
24
36
21
37
27
27
23
20
25
29
28
18
17
23
24
27
22
25
24
21
25
23
23
28
25
25
27
20
20
16
23
16
28
20
22
18
25
11
24
23
13
26
33
22
22
21
23
24
28
14
17
16
20
13
11
23
17
20
18
20
14
21
29
20
27
13
16
30
15
17
16
19
25
30
20
18
18
20
21
23
18
18
29
16
13
21
19
15
29
17
26
10
17
18
26
16
18
21
13
17
26
23
17
28
14
14
20
22
17
17
19
24
19
22
24
23
19
12
26
20
24
14
23
11
20
15
16
13
18
16
19
19
17
17
15
18
21
25
19
18
21
20
15
18
17
8
14
16
22
15
26
22
22
18
13
20
23
12
17
25
18
15
13
23
19
19
15
19
23
8
14
28
15
19
14
18
26
15
17
13
16
16
14
15
9
13
18
22
23
24
16
18
14
22
20
12
17
17
24
19
19
14
22
30
17
14
16
17
25
14
12
14
18
16
21
6
21
15
20
19
18
24
21
14
16
15
25
12
20
15
15
12
20
16
27
17
15
17
16
11
16
22
18
23
25
17
18
17
13
16
14
19
14
7
22
19
14
20
16
15
22
20
15
13
13
18
18
15
15
12
15
18
14
15
11
17
15
10
17
24
16
15
16
15
13
22
14
11
16
18
22
12
16
12
15
13
11
15
21
15
15
16
23
13
20
13
18
15
10
28
10
12
19
17
15
15
19
18
16
21
10
18
22
11
12
12
10
18
15
16
19
14
16
14
13
17
11
12
12
11
12
12
15
11
20
12
16
16
13
25
14
8
12
11
15
19
9
11
9
15
14
15
4
10
12
9
15
8
17
8
17
12
11
8
14
15
12
12
11
9
16
9
20
5
10
14
10
20
8
9
10
18
15
9
8
16
10
14
9
11
7
13
12
15
16
8
13
5
8
15
6
18
14
9
14
22
12
12
17
18
12
12
13
6
12
20
7
14
12
14
13
19
12
11
8
10
8
9
13
8
9
14
6
12
12
15
19
5
17
17
22
10
12
10
7
11
13
13
18
13
15
10
14
12
12
17
15
10
17
12
15
21
11
14
22
19
13
14
13
22
14
19
12
8
16
18
16
11
12
18
19
10
17
15
24
13
18
24
20
12
11
20
24
14
21
15
21
20
18
17
15
25
18
23
20
20
21
16
18
14
15
19
23
14
23
19
19
21
16
14
13
19
17
17
13
23
23
17
13
14
16
22
16
25
28
22
18
22
18
20
16
21
20
30
27
23
24
24
24
26
30
20
25
23
25
20
29
13
24
21
15
31
26
23
15
34
19
19
26
21
13
19
18
18
19
20
18
22
31
20
26
34
24
24
17
16
25
31
26
24
22
21
16
21
17
17
26
20
17
21
22
22
19
21
21
18
31
20
21
22
22
26
16
31
26
28
19
17
16
20
19
23
20
20
22
20
27
15
19
21
16
10
20
29
25
18
19
20
20
12
17
20
25
23
21
21
24
26
22
23
22
18
12
17
15
14
11
16
18
14
11
11
23
11
12
9
26
17
19
15
20
20
14
23
15
20
19
16
13
13
21
23
7
15
14
11
13
15
20
11
9
18
10
20
15
14
11
11
11
13
14
15
10
9
10
10
14
11
11
10
21
13
13
9
8
8
12
12
6
10
8
3
4
12
6
7
7
12
9
7
13
11
8
10
7
12
6
1
10
5
9
4
8
6
11
12
9
10
7
7
11
12
11
8
6
9
11
8
8
6
8
8
6
7
7
11
11
4
4
4
10
4
5
8
5
5
0
9
10
3
4
7
5
2
10
5
10
7
6
6
9
6
8
5
4
6
5
5
4
5
7
7
3
4
5
5
4
5
2
2
6
4
5
11
5
6
8
4
5
2
5
6
2
4
5
6
6
7
2
9
6
5
7
4
5
6
4
5
4
6
2
5
7
1
5
5
4
7
4
5
8
2
4
3
2
4
2
3
4
5
3
6
7
2
8
6
2
4
3
4
3
3
4
6
2
1
3
1
5
3
4
8
2
4
3
1
4
3
8
7
6
2
1
3
4
2
2
2
4
5
7
5
3
1
2
2
4
2
3
5
4
4
0
4
3
4
2
1
2
3
1
3
1
4
3
4
3
4
3
4
1
1
4
3
1
5
3
3
1
3
2
3
1
3
6
5
3
1
4
5
3
4
6
2
2
1
2
2
6
3
3
3
3
2
5
2
4
3
1
4
6
1
3
4
5
0
5
3
2
1
4
2
4
1
3
3
4
2
1
3
3
5
2
0
5
2
3
3
4
6
4
2
1
3
3
0
5
3
2
0
2
5
1
3
5
5
1
2
5
1
3
5
3
3
4
4
4
4
1
1
3
1
4
2
1
2
10
4
1
7
4
2
2
4
2
2
4
0
1
2
2
4
4
2
2
4
4
1
4
4
1
2
2
4
1
1
2
3
1
3
5
0
4
2
1
2
1
1
3
0
4
1
2
4
2
4
2
3
4
4
1
2
5
2
3
4
3
2
3
3
3
0
4
3
2
3
1
1
1
2
1
1
2
3
3
4
0
0
2
3
1
1
3
3
1
4
3
2
1
2
2
2
4
2
4
1
2
1
0
4
3
1
2
4
3
0
1
0
3
2
1
0
3
1
1
5
0
0
4
3
1
1
2
5
4
5
1
3
4
3
3
3
3
1
3
7
0
5
2
1
