787
872
1005
1238
2016
2766
2138
1165
661
297
197
126
106
86
92
100
73
60
57
70
54
54
55
52
54
44
43
55
48
60
37
49
37
39
40
40
47
40
41
34
40
32
43
42
40
45
44
32
34
44
49
33
35
35
40
48
35
53
43
40
37
59
35
52
46
45
43
46
39
35
38
34
43
38
39
44
49
44
35
38
49
40
41
42
52
45
59
43
31
43
50
47
44
43
48
59
32
46
44
41
49
50
43
39
33
49
36
56
52
51
54
39
43
59
55
50
49
54
69
56
59
43
56
68
62
47
67
76
63
68
60
44
65
76
68
78
88
61
69
99
76
102
80
98
80
96
108
92
112
99
98
102
104
103
98
121
113
125
99
144
115
131
107
133
156
117
142
166
192
139
162
137
182
177
188
167
192
209
228
228
245
218
207
266
251
251
280
298
290
309
318
339
358
409
399
398
413
404
448
475
435
498
518
541
535
534
591
560
574
612
620
613
559
628
609
581
602
576
576
631
622
544
546
588
540
600
514
555
534
531
529
520
524
511
497
573
569
524
485
520
515
505
559
523
512
476
517
505
505
504
470
473
478
438
447
454
466
403
436
446
440
472
416
411
471
393
476
405
422
402
392
423
388
420
435
435
391
441
423
420
427
436
440
409
428
418
426
430
438
446
458
417
416
452
414
414
446
458
419
421
458
448
442
405
411
402
421
442
412
422
444
466
406
428
405
437
467
441
436
444
465
448
450
460
433
435
460
437
443
426
426
417
464
413
432
410
410
460
421
468
406
416
404
426
441
425
451
428
407
435
423
431
443
416
472
446
378
464
457
435
444
428
457
429
441
405
412
435
455
468
433
440
430
409
424
405
412
450
427
417
461
387
445
424
439
412
451
469
449
448
432
403
442
432
437
424
424
419
430
414
446
436
426
439
436
466
426
386
455
448
428
441
439
422
421
428
428
431
438
435
440
413
457
414
441
411
459
414
443
423
445
438
389
386
442
456
443
383
405
468
440
433
418
410
466
431
405
429
407
442
419
398
411
455
397
437
426
425
406
413
467
477
443
440
414
457
445
459
465
411
469
436
417
432
427
413
432
458
451
476
493
437
403
426
422
412
420
430
400
435
421
445
437
420
438
455
456
444
465
402
447
410
454
416
436
466
436
417
406
447
428
425
438
434
445
413
462
433
420
446
425
456
446
467
462
447
446
441
447
409
422
444
480
427
401
419
397
434
442
428
411
448
427
431
459
450
454
447
451
448
450
404
421
403
454
413
451
465
447
412
436
465
436
390
396
425
411
481
502
422
427
463
422
403
466
436
485
421
438
428
458
432
439
417
462
466
452
425
472
414
461
469
446
453
454
437
416
421
450
436
431
478
449
452
445
422
440
442
456
431
428
464
455
417
471
410
434
441
473
410
454
413
412
460
431
467
478
464
445
405
451
422
433
446
472
421
427
430
450
467
437
419
385
419
426
413
430
391
434
427
433
407
415
414
403
395
395
390
394
405
399
394
383
400
366
428
411
409
366
394
373
402
410
401
400
397
409
365
370
394
390
401
388
384
350
353
410
387
383
384
355
383
370
360
388
371
381
401
384
356
379
373
367
378
373
362
389
357
376
352
381
357
382
374
378
357
390
384
348
336
376
366
344
372
370
380
337
355
326
373
376
377
370
401
362
351
395
333
350
362
344
344
365
348
336
370
346
375
354
368
354
348
367
402
386
367
380
373
364
334
336
336
364
341
321
366
355
354
331
359
338
361
355
324
339
309
341
354
322
383
326
316
347
334
308
323
333
331
317
361
329
323
325
333
334
321
316
331
352
291
328
351
305
308
318
308
307
315
313
330
342
300
311
312
281
320
326
326
321
325
345
314
309
300
300
305
292
347
290
317
355
281
337
285
303
313
291
301
289
304
328
299
306
325
315
305
335
316
326
301
329
285
304
336
301
318
309
275
314
302
358
299
297
293
294
285
317
329
307
274
323
315
296
306
286
331
253
286
317
367
362
319
304
291
289
338
288
328
291
292
289
301
339
315
292
287
295
295
256
297
323
306
314
319
317
306
287
288
309
298
306
274
304
266
305
301
335
269
291
281
294
261
266
276
268
293
266
273
275
287
253
279
265
266
262
273
273
276
255
251
273
269
256
251
280
253
263
270
226
266
244
260
234
262
257
236
246
232
211
248
233
208
245
221
213
239
247
227
218
238
262
210
229
195
234
243
218
233
200
235
255
223
204
228
208
199
193
211
242
201
212
233
193
204
222
213
199
218
206
208
203
214
195
216
180
214
204
204
179
206
220
209
215
196
206
209
204
174
203
204
194
219
216
198
187
188
214
187
211
198
197
193
207
181
216
224
161
196
176
182
203
191
177
169
205
197
211
199
206
206
143
197
193
221
214
155
166
179
190
205
182
184
207
196
188
201
169
191
195
179
182
173
221
177
181
161
187
185
200
174
172
189
171
177
185
182
173
179
171
171
179
168
172
169
187
177
185
175
172
188
149
183
179
199
146
180
165
189
175
199
183
178
177
192
199
181
188
165
167
137
164
175
182
179
145
179
170
132
153
182
160
160
166
169
170
182
180
170
172
174
174
167
180
169
187
192
167
140
161
202
165
174
171
151
157
170
145
151
170
172
161
168
166
166
160
187
153
140
191
188
155
155
143
148
169
152
153
175
148
159
155
146
168
174
153
157
174
159
165
171
182
171
149
153
165
145
156
177
176
173
161
134
152
167
169
167
161
175
155
166
155
156
153
154
181
150
172
137
165
140
156
170
148
172
169
163
178
151
165
157
145
149
176
140
159
174
167
185
139
150
176
137
156
173
145
171
171
161
148
163
164
133
161
140
152
149
160
162
148
163
144
180
151
169
144
132
158
151
168
175
190
153
171
142
175
147
191
165
153
176
158
171
167
154
146
162
158
161
136
158
185
130
160
159
141
169
163
150
145
138
152
147
133
155
134
157
154
143
173
156
151
125
148
157
162
144
135
133
122
169
139
150
153
162
157
142
142
129
162
128
128
150
157
150
160
135
122
140
153
158
164
142
120
148
126
123
138
146
130
169
114
138
125
145
139
140
124
126
157
133
103
134
137
151
124
141
146
149
132
139
134
127
131
133
150
130
118
110
126
127
146
133
136
126
111
127
115
126
149
124
134
138
136
118
127
143
129
115
109
106
110
111
145
126
141
132
150
134
115
133
116
115
118
139
103
120
151
139
109
126
115
142
123
123
110
123
115
130
133
109
137
118
138
138
125
147
132
134
136
148
135
137
128
133
122
125
129
115
126
129
122
139
131
128
146
140
116
120
145
112
122
138
114
134
129
122
118
132
142
133
139
112
142
163
148
141
133
152
150
157
132
139
121
136
152
109
143
135
150
137
156
150
167
143
162
146
125
124
115
139
126
118
137
146
139
157
144
145
148
146
147
135
150
146
119
140
122
127
143
151
143
143
141
143
153
141
146
136
142
136
126
139
153
124
120
141
148
140
139
142
134
124
126
131
127
111
119
145
124
139
120
138
108
147
117
122
114
132
152
117
120
121
141
120
108
109
115
137
121
118
128
128
101
115
115
128
119
113
116
128
106
114
114
103
116
119
92
104
111
97
100
105
106
91
89
92
118
103
120
103
102
102
87
86
92
104
91
80
108
93
96
88
93
120
81
82
93
96
76
91
97
88
94
88
95
97
93
77
74
87
81
96
68
89
75
90
80
86
86
76
75
88
100
84
101
66
87
67
67
84
100
68
70
74
70
65
72
72
73
77
60
70
88
91
86
61
80
69
87
85
82
73
83
76
76
69
76
77
76
64
86
66
61
72
75
73
80
74
69
94
75
76
74
74
90
77
77
80
75
80
87
77
85
74
82
80
64
85
73
72
63
71
64
95
76
81
85
62
76
72
67
67
82
64
65
71
79
93
97
75
75
67
75
75
73
80
80
92
76
60
69
71
67
67
59
58
76
63
71
73
72
65
69
72
76
77
71
76
69
93
70
64
76
64
74
75
75
77
84
61
69
67
79
78
65
64
74
49
73
66
59
60
71
64
66
57
62
70
67
71
67
74
71
76
75
72
66
68
78
69
68
64
78
63
81
61
62
60
66
67
74
67
59
73
81
77
65
60
75
61
62
80
56
60
55
62
59
62
54
56
65
55
60
60
57
64
69
76
70
61
77
46
68
62
62
59
63
74
71
68
70
69
54
52
75
58
74
68
74
68
64
67
71
62
61
68
64
80
80
83
79
55
80
53
61
70
54
67
65
50
63
58
56
61
64
65
72
66
56
64
60
65
73
54
71
65
85
64
64
57
77
68
59
75
71
60
72
49
69
71
55
56
60
62
69
46
59
61
57
60
65
50
61
59
71
60
50
58
74
74
65
52
61
56
68
64
53
69
58
61
62
71
49
72
61
58
60
54
74
49
56
75
58
53
50
71
53
60
62
76
59
50
56
62
58
52
51
57
63
69
61
65
47
63
56
61
60
69
56
75
63
60
68
49
68
66
62
58
44
58
54
59
49
62
55
57
65
62
59
59
43
55
54
45
59
51
55
46
57
58
49
58
60
59
56
46
60
62
65
63
65
46
60
49
54
58
45
71
57
48
43
54
54
64
54
65
35
56
57
61
51
43
45
39
55
56
58
57
53
55
53
48
40
51
63
64
68
63
47
36
56
72
55
48
42
52
58
46
57
66
57
49
51
51
54
46
44
60
46
46
50
47
56
51
38
55
43
44
54
48
45
57
46
51
54
53
58
54
36
44
61
53
49
49
43
54
41
59
44
53
51
43
54
54
57
46
37
48
31
55
55
46
55
56
62
47
56
49
45
47
40
62
60
57
43
54
38
58
49
47
52
53
50
36
45
47
40
48
55
42
43
47
49
41
35
50
45
54
48
57
47
52
41
53
56
54
35
50
58
51
53
55
53
58
38
39
47
49
50
61
54
62
54
36
35
39
47
62
40
42
54
39
43
57
53
45
45
50
48
49
42
39
41
44
49
56
58
57
53
45
45
42
38
41
40
51
49
62
57
51
45
46
50
49
47
45
33
54
37
48
41
50
35
50
41
60
37
49
33
56
46
46
49
65
52
55
54
43
46
51
40
59
48
60
57
64
53
57
42
42
51
47
38
41
46
46
44
51
48
55
56
40
54
47
45
39
39
44
53
53
29
59
46
39
44
56
47
53
49
59
53
47
47
43
38
44
44
49
38
54
37
54
41
43
37
42
43
52
55
51
44
53
40
51
46
46
36
35
45
45
46
33
41
48
52
44
51
47
35
49
57
58
38
50
36
44
38
41
40
37
49
58
54
39
48
35
50
44
45
47
46
52
45
47
37
56
37
40
40
47
44
47
41
35
44
39
45
42
45
59
45
37
45
35
56
32
37
33
47
44
43
53
41
47
44
59
44
47
40
44
39
44
42
41
37
53
32
36
42
45
33
35
40
41
36
44
51
38
32
36
37
39
43
31
35
33
45
39
37
38
42
40
40
41
40
27
43
37
33
43
43
36
42
44
37
35
50
49
29
27
30
30
44
28
34
33
28
45
42
38
33
23
40
45
39
29
28
42
27
31
32
34
36
41
24
35
39
35
28
34
37
29
35
38
26
36
25
27
43
41
42
28
43
32
40
29
30
39
28
28
34
30
27
31
22
34
24
27
34
29
30
36
31
31
33
31
36
36
21
36
36
27
30
33
34
46
23
21
29
28
33
26
33
26
29
24
25
36
36
30
19
30
32
33
28
37
29
29
28
24
31
27
24
35
29
36
33
21
37
39
33
26
36
38
30
24
20
28
35
25
34
18
38
24
28
29
29
32
30
33
34
31
26
30
25
37
44
34
29
32
28
39
24
30
26
23
24
36
37
27
23
32
36
31
26
35
32
34
30
44
35
24
33
29
30
30
31
28
33
28
21
34
39
29
24
25
26
28
35
37
43
31
31
32
23
36
33
33
32
24
37
23
34
33
35
32
24
18
33
24
36
22
28
32
37
27
29
38
25
26
20
30
25
35
30
27
31
40
27
36
26
25
30
25
37
33
22
36
25
29
31
36
27
34
31
39
25
31
32
38
28
21
43
39
23
23
25
24
26
24
30
23
26
30
28
27
32
28
27
35
25
20
39
42
32
24
26
35
33
27
37
29
36
29
29
25
36
35
24
21
20
24
32
38
28
25
34
33
27
27
34
35
28
33
22
17
23
23
35
40
31
28
25
26
39
27
33
31
25
36
28
26
39
28
23
27
33
36
28
26
29
27
26
30
31
30
25
31
35
33
28
32
19
16
28
31
34
23
22
24
32
31
25
37
25
38
34
39
27
27
27
24
27
24
31
34
29
29
33
20
22
34
27
24
21
27
19
27
22
30
33
23
17
20
27
40
32
35
17
26
18
30
27
22
22
27
26
29
33
31
27
19
18
17
23
27
17
30
20
28
21
18
25
30
28
32
22
21
25
24
20
26
19
17
22
24
27
22
29
20
28
26
24
28
25
20
17
31
32
27
31
23
28
21
20
34
22
20
29
25
25
24
35
20
23
28
25
16
26
22
22
21
24
22
29
21
27
25
23
21
21
21
25
20
28
26
13
21
27
24
20
24
20
18
25
13
16
20
15
19
16
27
19
21
14
23
19
21
23
25
18
21
27
18
15
16
20
16
17
21
23
24
13
24
21
19
25
20
16
26
22
26
24
22
29
18
22
25
29
24
19
23
23
23
11
16
23
20
20
23
22
14
13
14
24
20
26
13
19
19
13
22
29
13
17
16
22
18
22
15
20
22
12
23
20
13
14
15
22
15
14
20
30
17
21
17
11
22
19
25
18
23
24
10
22
20
12
15
11
20
17
16
18
15
12
15
19
18
16
15
19
18
16
13
17
11
12
12
15
17
22
17
23
13
22
14
18
20
23
25
14
8
15
13
16
12
18
11
16
14
16
19
11
20
16
20
16
21
13
20
16
9
8
20
12
19
18
15
14
13
17
18
16
11
17
16
16
15
11
17
7
6
12
12
13
17
17
23
15
15
11
15
14
12
9
15
12
10
10
14
14
12
14
14
12
6
11
16
13
14
26
11
9
4
10
15
8
9
11
12
6
14
15
9
10
10
15
4
18
13
8
19
6
15
15
16
17
10
10
9
16
12
6
9
18
16
11
14
11
11
5
12
9
9
14
7
12
16
13
5
13
8
9
11
9
9
18
8
11
11
13
8
13
12
15
6
12
8
12
17
8
12
16
7
7
14
9
12
10
11
11
9
9
15
16
11
12
8
10
9
11
11
17
14
6
8
12
6
16
13
12
13
9
11
13
7
11
8
9
8
8
8
10
5
8
5
9
7
10
18
12
13
5
5
11
7
14
6
13
11
12
11
4
9
9
8
5
7
13
11
7
9
8
7
13
8
9
7
9
17
7
6
10
8
8
13
4
12
9
12
12
6
11
18
6
14
9
9
11
7
12
15
7
15
7
10
10
10
13
8
8
10
12
13
9
13
6
6
10
15
16
9
9
9
10
15
13
9
8
9
11
12
7
15
13
15
9
15
9
12
11
17
8
7
8
7
9
13
11
13
12
18
14
8
6
3
6
7
9
9
10
12
12
7
15
11
8
12
12
12
13
8
12
9
10
9
14
15
11
9
5
7
7
15
12
14
21
15
15
9
11
18
14
10
12
9
15
13
10
11
12
9
9
13
14
16
9
16
9
11
16
15
14
16
16
15
14
19
11
12
7
22
11
13
6
11
14
15
17
23
17
17
11
11
14
12
11
11
13
18
22
12
16
21
16
22
12
23
17
19
15
23
17
14
12
12
16
21
23
22
18
19
20
12
16
13
14
15
20
24
18
22
26
19
17
16
23
25
20
15
14
18
23
17
19
12
23
21
27
27
19
22
16
24
17
17
14
20
27
32
24
24
24
19
24
18
23
18
19
20
26
21
25
21
24
22
19
18
22
17
21
24
31
31
22
23
29
18
33
13
20
18
26
25
16
21
29
25
30
24
20
18
24
16
27
21
22
31
23
33
20
32
16
17
24
17
28
24
22
16
17
16
25
14
22
22
18
33
17
18
28
28
16
28
21
25
23
25
24
23
26
21
24
17
22
17
20
27
25
22
19
24
27
25
14
20
13
23
20
19
22
24
21
25
23
21
12
16
26
15
24
13
22
21
20
18
12
22
13
20
13
20
26
18
22
22
19
19
27
19
23
15
15
21
11
22
15
17
21
12
14
12
14
19
19
18
17
20
19
12
18
12
16
8
10
10
12
11
14
16
12
20
15
16
15
15
14
11
17
11
17
16
17
17
12
16
16
15
7
11
6
13
12
12
6
9
13
15
14
7
5
9
8
7
15
15
12
13
5
8
6
10
5
7
12
13
11
6
7
6
10
12
13
4
3
5
9
13
6
11
9
6
13
5
7
7
5
5
9
4
11
12
12
4
13
2
7
8
4
9
3
8
5
9
11
10
8
6
7
2
7
5
5
4
5
5
6
5
7
4
4
5
9
3
5
7
5
6
8
3
3
1
5
6
4
4
7
6
5
10
4
3
4
7
2
4
3
6
6
9
5
2
3
3
4
4
5
2
4
6
4
4
4
4
7
1
1
3
3
2
2
6
4
5
8
6
4
4
3
7
4
3
4
4
3
3
8
5
6
3
4
3
3
4
10
2
1
2
6
2
1
3
2
6
1
3
2
5
2
3
5
4
3
7
4
4
4
2
2
3
8
8
2
6
3
7
2
2
1
1
5
2
1
0
9
3
1
7
4
3
1
7
1
4
6
3
1
5
1
6
3
4
5
3
1
7
4
2
1
2
2
1
2
3
2
7
8
5
1
6
4
3
4
0
5
3
5
1
8
4
6
6
4
4
2
3
0
1
2
0
3
5
4
6
3
0
1
4
5
4
1
5
1
0
1
4
2
2
2
5
1
2
3
8
3
3
2
3
3
1
3
3
6
2
4
2
2
5
7
3
6
4
3
2
3
3
1
1
2
4
0
0
3
1
4
3
3
5
4
3
5
1
2
1
2
3
2
3
3
5
4
3
2
1
2
1
1
4
10
6
2
2
6
1
1
1
6
4
3
3
2
2
3
3
3
1
7
3
7
4
1
0
1
1
1
4
4
1
1
3
2
4
4
2
3
0
3
4
1
2
4
2
2
1
1
3
1
3
2
3
2
3
3
2
2
1
1
2
3
3
2
1
1
5
1
0
4
4
0
2
3
0
3
4
3
2
1
2
2
0
4
2
4
1
3
5
2
0
2
2
1
0
3
4
3
