1490
1727
1873
2262
3406
4154
3085
1699
884
444
262
194
154
134
120
116
112
106
88
80
112
100
66
73
56
69
59
67
50
64
60
50
52
45
57
46
47
46
51
59
53
64
57
56
59
49
47
57
48
50
49
56
59
60
61
51
61
60
56
60
52
48
63
52
67
65
59
63
67
51
63
60
45
70
52
63
53
39
71
58
54
58
70
65
66
78
66
61
61
71
81
71
64
85
79
82
80
64
84
84
76
62
90
83
88
94
98
88
92
86
77
87
77
89
103
96
83
100
115
101
103
105
107
120
132
111
123
114
138
116
143
123
138
128
133
151
151
155
149
142
161
137
165
166
175
161
178
187
163
185
205
195
193
196
196
201
201
216
212
241
243
250
223
240
262
266
256
285
290
295
277
317
295
334
335
343
367
362
375
400
406
426
477
441
464
488
483
493
527
554
563
568
646
655
640
681
682
749
750
751
772
850
865
933
945
972
994
986
1004
1071
1060
1142
1113
1117
1117
1062
1138
1186
1117
1080
1110
1097
1045
1067
1050
1070
999
1015
1011
949
934
942
940
997
955
934
942
944
986
945
925
906
909
855
931
847
901
866
818
876
893
852
868
794
819
783
852
816
790
787
784
711
787
717
764
713
702
744
698
696
677
717
684
678
641
709
690
728
658
644
709
700
701
735
731
667
712
658
737
686
690
708
670
713
730
712
675
703
728
642
746
710
715
708
708
726
705
755
693
755
717
697
701
716
700
704
719
730
723
717
729
708
760
775
729
697
720
730
728
684
700
725
710
733
769
757
718
697
767
786
769
746
711
745
690
694
792
753
694
680
716
731
679
693
731
703
745
718
737
738
734
706
716
701
762
704
693
737
714
687
743
748
660
681
679
764
731
740
726
731
726
733
686
712
729
770
729
705
744
717
712
753
730
760
714
721
755
731
668
712
738
732
709
766
714
713
740
741
672
736
711
748
711
731
707
697
680
765
711
714
752
711
711
712
702
729
762
728
748
692
753
750
705
792
730
761
735
713
733
698
773
754
720
725
745
765
753
790
758
738
778
707
751
734
742
783
795
774
720
823
808
796
722
779
777
763
791
761
747
837
802
759
816
781
837
800
826
810
817
844
842
796
772
889
826
827
789
781
893
818
813
863
844
856
856
870
888
874
822
842
845
874
833
864
868
843
805
813
814
862
834
810
868
820
858
886
799
851
822
823
827
877
801
790
833
820
817
804
820
836
758
783
876
845
812
795
794
812
783
823
847
779
809
774
810
837
797
806
823
755
785
796
752
808
785
743
745
795
759
796
808
826
783
824
785
785
814
773
798
759
725
814
771
786
802
739
812
823
767
714
771
791
784
792
776
808
764
752
785
753
752
758
767
764
804
779
723
745
724
777
740
778
747
753
767
723
787
731
835
735
774
782
739
759
788
712
739
797
792
749
794
750
802
788
758
749
742
726
754
784
733
771
789
787
766
738
751
776
772
747
751
707
737
790
713
693
736
694
703
717
746
702
728
762
701
719
771
743
718
752
722
739
741
684
758
726
745
705
708
704
741
695
721
691
693
641
684
738
707
669
656
711
707
721
678
711
714
662
663
710
694
677
715
683
670
655
664
672
723
725
675
672
677
668
676
669
630
672
673
644
660
644
681
652
607
638
642
678
671
714
709
677
647
668
675
679
667
664
639
678
657
660
666
663
657
621
701
660
643
715
729
681
643
670
633
672
635
696
677
657
643
635
659
622
659
623
697
618
718
670
624
638
631
711
644
652
651
660
656
656
682
606
653
642
666
687
611
697
655
631
617
648
613
710
604
661
678
613
641
667
681
637
647
619
665
628
655
624
624
623
676
628
650
589
643
596
677
636
639
631
633
617
602
596
616
609
619
643
600
628
589
596
608
593
645
622
587
658
571
593
572
602
619
574
635
594
555
608
596
572
601
585
602
559
582
597
584
622
619
608
622
586
608
594
593
579
595
609
624
594
624
603
603
602
565
574
588
611
614
605
621
617
613
645
594
593
595
553
563
599
622
646
632
566
615
586
603
605
595
612
579
608
578
598
620
598
567
583
595
628
593
614
577
593
604
576
595
550
594
606
632
605
566
563
623
568
591
607
599
566
566
600
593
560
589
560
586
551
607
577
603
583
596
532
600
591
556
614
563
594
571
529
568
566
539
579
573
550
539
524
529
565
574
539
549
597
528
542
519
575
566
537
574
576
524
515
559
548
556
577
561
586
528
546
509
520
510
548
568
532
561
561
516
520
493
525
515
545
519
534
513
476
539
504
490
451
531
506
527
499
525
493
540
493
521
468
514
552
544
527
496
525
456
518
491
474
520
545
532
536
544
508
525
484
473
524
518
497
502
487
507
524
484
498
537
474
490
496
490
503
549
473
519
546
499
479
484
518
494
480
558
538
518
469
498
522
507
476
487
519
528
520
531
521
506
478
503
488
520
500
480
488
498
469
508
517
496
510
509
481
491
510
526
479
469
472
485
487
477
494
497
519
524
483
519
483
485
502
461
472
496
483
487
472
461
449
470
466
461
497
478
479
461
474
481
465
475
516
528
459
497
452
493
545
463
462
468
493
487
479
477
458
503
463
497
425
456
482
484
476
429
423
457
491
470
487
489
498
459
482
484
438
453
484
434
469
415
462
454
495
463
473
442
452
468
417
456
405
476
444
450
440
481
479
441
460
398
426
394
417
432
424
439
419
453
443
424
459
427
435
405
423
392
378
411
400
392
404
376
429
412
412
391
392
408
392
377
391
425
410
377
404
375
403
374
383
393
380
408
358
404
369
366
399
369
399
378
375
369
351
370
405
365
402
356
363
363
341
363
373
349
341
369
377
314
350
372
347
334
362
384
331
377
344
329
377
324
339
357
341
378
346
358
343
361
320
332
343
386
352
337
340
365
315
365
373
332
315
349
366
312
342
304
322
352
355
361
355
352
382
315
357
322
351
319
363
335
317
356
331
296
357
350
327
359
321
341
329
318
303
386
354
311
306
293
347
315
354
356
328
319
308
300
314
347
295
315
312
332
345
318
332
290
290
336
294
333
316
322
326
325
309
300
308
329
355
300
320
311
322
322
313
307
340
327
329
316
330
310
320
294
300
326
291
306
318
315
322
282
307
289
287
331
289
301
335
297
270
294
290
277
316
300
282
348
280
287
295
330
312
266
297
279
297
277
307
303
295
324
302
339
321
315
299
318
303
311
301
281
294
301
278
303
322
295
289
292
308
289
322
306
309
311
276
264
294
312
329
340
303
315
297
275
298
294
286
294
312
292
293
318
291
314
308
313
299
313
322
291
298
345
308
299
266
282
285
315
308
314
322
313
305
333
323
328
275
302
306
296
296
309
318
312
313
265
298
327
330
337
338
355
355
310
333
315
288
334
316
314
340
310
329
306
320
309
355
322
334
338
343
340
299
382
347
333
365
340
312
330
319
330
294
352
333
336
314
357
374
345
352
344
330
386
352
331
327
316
325
355
316
285
362
383
327
324
366
360
365
342
374
357
350
371
343
350
417
397
372
403
359
371
410
395
407
391
400
417
424
387
384
411
413
387
417
425
448
430
415
434
411
439
425
444
452
448
493
498
495
491
457
461
465
502
505
510
573
553
521
517
548
596
516
550
588
578
561
560
602
603
614
603
625
627
603
619
678
686
739
666
674
695
747
755
726
786
752
728
827
767
820
765
847
883
859
848
892
925
874
934
959
978
946
946
950
1024
1010
1022
1011
1041
1048
1048
1080
1077
1069
1084
1160
1092
1175
1147
1209
1178
1213
1214
1210
1222
1250
1221
1247
1289
1283
1301
1226
1322
1313
1334
1323
1357
1364
1366
1305
1335
1382
1393
1352
1413
1368
1394
1385
1420
1354
1455
1489
1373
1411
1341
1478
1431
1433
1388
1390
1374
1489
1370
1335
1365
1403
1424
1390
1354
1356
1387
1335
1367
1321
1325
1298
1263
1260
1310
1252
1255
1256
1223
1246
1222
1243
1276
1232
1235
1166
1130
1109
1091
1121
1088
1075
1071
1009
1013
1036
1067
995
988
907
911
940
919
907
883
930
937
844
781
796
850
785
760
758
774
712
708
743
669
668
699
684
616
611
630
592
542
565
519
513
524
508
497
510
413
478
455
466
416
411
440
429
383
415
396
374
342
356
338
362
311
293
319
270
269
275
270
255
277
274
249
234
224
205
202
239
210
200
224
184
177
206
195
154
198
155
135
161
152
166
126
135
171
122
121
137
134
113
117
112
107
113
117
130
103
111
107
110
93
82
108
89
103
99
102
71
88
88
94
85
79
71
80
72
83
73
79
90
68
70
81
63
75
83
84
79
71
78
75
66
76
81
69
75
72
64
51
60
65
87
60
71
75
60
60
53
67
69
75
72
73
55
62
65
56
60
63
66
75
68
59
52
68
60
70
61
60
72
66
59
72
83
70
56
70
80
52
59
56
77
52
59
70
59
61
62
70
73
72
63
60
52
56
67
76
79
63
60
61
59
55
63
69
53
64
69
51
54
58
90
49
69
58
57
55
64
72
75
43
68
59
60
67
61
61
69
57
84
62
68
55
53
55
56
64
49
53
50
45
52
63
59
61
62
59
54
64
58
66
61
56
81
63
55
66
53
60
40
61
55
65
62
47
57
57
76
59
52
66
56
61
57
53
58
56
56
50
45
52
59
53
59
67
58
54
54
48
52
49
61
55
51
58
60
66
60
49
62
53
58
62
43
51
51
44
42
47
45
49
45
55
55
46
47
59
52
61
47
38
54
52
56
61
52
54
37
50
49
55
63
51
59
57
44
61
61
67
56
48
55
52
50
62
57
46
43
53
52
52
44
53
52
50
49
63
43
48
46
50
57
41
54
61
43
54
46
47
61
58
51
48
59
53
45
37
56
50
48
42
36
42
59
46
40
44
50
41
38
61
48
49
61
44
52
42
43
53
48
44
35
47
44
50
45
45
41
31
32
43
49
39
40
49
50
49
53
41
51
52
40
51
58
47
49
37
39
47
52
43
54
48
39
47
49
42
54
42
55
44
43
49
35
47
53
54
44
46
40
55
48
46
43
52
52
43
43
46
46
51
33
41
41
49
43
46
41
52
46
55
46
47
49
34
54
44
42
58
54
52
49
42
45
41
43
49
47
39
61
47
49
44
46
49
59
49
47
61
59
49
41
49
62
37
31
26
45
57
49
41
49
46
56
37
50
52
45
44
46
55
33
48
46
52
54
39
53
38
58
45
55
52
43
49
39
42
48
46
40
56
33
40
37
44
51
57
33
48
66
34
51
51
43
47
56
50
45
47
47
43
36
50
48
51
51
59
55
42
49
44
35
41
52
48
40
36
47
41
44
37
46
44
56
48
41
45
45
37
45
46
50
49
49
50
46
43
46
43
44
38
50
53
32
44
36
42
41
42
48
43
39
37
50
47
41
58
49
45
34
32
47
43
53
25
44
33
48
44
50
42
37
31
36
35
49
51
41
41
39
48
43
48
45
53
36
42
43
51
45
41
41
46
39
36
46
49
51
46
34
45
46
45
45
37
37
31
42
47
40
38
34
35
38
42
38
32
41
35
33
49
51
33
48
32
51
49
40
39
40
44
40
39
49
40
43
40
48
39
54
35
48
40
40
38
41
36
36
35
40
43
49
49
29
28
42
39
46
45
50
46
24
32
33
45
23
48
38
34
45
28
38
40
30
31
51
32
37
43
35
45
30
46
38
31
37
41
43
42
39
31
47
38
29
29
41
36
35
38
32
34
40
34
37
23
37
32
40
30
32
26
38
43
28
23
39
29
30
30
35
30
32
29
35
23
40
29
39
33
31
34
36
27
37
35
28
30
38
27
34
30
16
37
40
28
24
36
33
44
35
33
21
26
24
28
31
28
32
26
35
33
36
28
23
32
32
29
29
32
25
22
23
25
37
38
31
29
28
33
28
42
34
30
42
31
23
34
26
23
27
27
36
39
27
24
29
22
23
26
23
26
19
36
29
32
23
34
31
36
22
37
33
23
25
26
48
22
21
32
31
23
39
31
16
29
42
24
21
23
26
36
34
24
21
29
32
28
29
31
33
29
35
25
47
19
25
31
21
25
20
32
29
29
28
23
24
24
29
30
30
21
22
25
30
28
35
17
27
24
36
31
27
23
29
24
29
27
32
32
33
30
29
21
26
23
32
31
24
27
20
43
26
26
29
32
32
31
36
25
33
29
30
29
28
28
32
22
27
32
26
30
30
30
32
26
26
31
28
31
45
29
35
24
24
31
32
30
31
34
29
34
27
32
19
26
31
20
28
35
37
31
30
37
22
27
24
23
26
28
26
18
31
25
29
29
25
25
32
28
34
24
22
28
30
31
33
23
21
36
31
28
23
26
28
25
38
24
33
32
42
22
37
27
30
30
19
27
34
24
25
27
25
26
26
27
31
34
30
26
35
24
38
30
30
27
29
24
19
32
33
32
34
25
28
29
22
26
28
35
18
28
34
33
30
34
26
31
35
25
32
26
16
24
26
28
30
19
31
38
24
28
30
24
23
34
26
34
32
35
30
24
23
29
29
30
32
28
28
28
26
21
22
30
28
28
29
20
32
30
27
30
21
30
27
24
24
25
34
24
27
19
25
22
20
28
25
26
28
14
19
19
25
23
22
27
21
26
25
27
23
15
15
21
21
24
12
27
20
28
23
21
15
28
29
22
22
26
23
19
14
25
18
19
21
29
21
30
20
19
21
18
15
24
26
26
28
30
14
31
16
22
19
25
16
22
21
20
17
26
29
26
25
15
7
23
18
29
20
15
28
19
18
14
19
21
18
14
25
23
17
27
25
24
23
28
19
12
12
25
23
21
26
16
28
16
19
16
28
24
20
16
20
16
20
19
24
15
21
13
26
17
22
15
17
15
16
13
19
18
19
20
14
17
31
18
23
24
24
19
13
21
21
20
21
21
19
21
15
15
21
18
18
16
14
24
17
14
13
13
15
21
12
15
9
17
15
15
15
19
14
16
15
25
13
16
12
13
14
19
15
14
14
19
20
19
15
16
12
12
18
13
17
17
15
17
17
22
23
19
13
18
21
17
12
13
11
19
10
21
9
19
17
13
17
10
11
24
14
23
20
10
8
19
14
16
17
17
18
15
14
14
10
15
16
9
19
12
7
14
16
13
11
17
12
8
10
20
12
17
19
11
19
15
20
18
18
16
10
9
12
20
13
10
12
14
11
15
15
10
18
9
11
10
11
10
14
18
10
10
15
10
10
7
17
14
20
17
12
12
7
4
10
12
13
20
17
8
16
14
14
8
10
8
16
15
17
17
14
14
14
13
20
18
9
7
8
14
10
14
12
13
8
7
11
11
13
10
20
14
9
13
11
9
9
14
12
10
7
11
10
8
12
12
17
14
10
6
7
12
18
12
10
6
13
10
10
11
7
13
15
12
8
11
8
16
12
14
7
13
11
21
9
8
7
12
10
5
9
8
11
16
13
7
11
15
7
7
10
5
9
10
8
13
11
5
10
7
4
4
9
8
1
5
10
10
11
7
10
8
7
9
11
13
13
6
7
7
11
11
14
8
10
14
12
11
9
9
8
13
12
9
7
10
16
11
16
7
8
8
9
10
11
10
11
5
8
9
11
8
11
4
16
11
16
10
12
9
12
15
10
16
6
16
10
9
15
8
10
9
7
13
8
5
11
8
16
10
8
8
11
10
8
9
12
6
15
8
9
12
8
4
6
12
11
15
5
10
11
11
9
19
6
10
12
10
9
16
14
8
12
8
11
9
11
8
9
11
18
7
4
9
11
10
12
11
16
17
9
8
15
13
11
7
7
7
12
11
9
9
11
10
13
5
11
18
11
8
10
12
9
15
10
13
16
8
9
10
16
8
15
12
8
12
7
7
12
10
17
5
13
14
14
8
13
13
11
10
14
13
16
11
9
11
19
12
12
10
12
19
13
11
16
7
16
13
12
9
10
14
8
9
7
10
14
14
9
15
10
6
17
11
16
25
15
14
12
11
13
12
14
15
14
18
16
14
12
17
24
21
23
14
17
16
13
11
16
14
10
17
17
12
14
12
21
20
22
17
14
20
13
17
14
23
20
19
20
12
13
21
14
15
23
16
17
15
18
21
26
19
24
13
22
21
15
18
16
28
29
23
17
22
19
19
25
22
16
29
22
27
16
26
29
15
27
21
23
23
15
22
28
22
20
23
12
22
19
27
19
20
35
16
26
24
20
23
21
29
18
30
25
27
17
15
18
14
23
30
25
18
16
25
19
22
32
21
36
16
29
19
20
12
19
22
19
16
27
18
18
25
27
23
28
8
28
19
25
22
22
18
22
14
16
18
16
19
19
15
16
26
20
24
18
13
22
23
14
18
18
18
20
16
18
31
17
23
16
11
21
19
15
21
22
8
14
19
21
17
23
11
20
20
8
22
15
15
20
11
14
17
14
11
15
15
14
14
8
14
9
17
14
10
12
21
18
11
8
12
10
11
7
17
15
15
10
16
15
10
8
14
9
13
17
15
8
8
10
4
15
11
12
7
8
18
11
11
7
12
7
11
13
13
8
11
8
7
8
6
11
7
13
10
7
9
19
5
7
10
9
5
5
7
7
10
8
11
11
6
7
8
4
4
4
2
11
7
6
2
12
8
10
6
5
10
3
10
2
10
7
2
6
7
4
12
1
5
3
9
3
4
4
13
3
5
6
3
4
3
6
2
4
2
5
10
4
6
4
4
6
2
7
4
7
3
5
2
5
6
1
5
2
5
9
4
5
3
8
5
6
6
5
3
4
2
7
5
4
6
3
2
3
4
5
3
5
3
5
4
1
1
9
5
5
4
3
2
2
7
3
6
3
4
4
2
5
5
0
3
4
3
3
4
8
4
2
7
3
1
3
1
3
5
5
3
2
2
2
4
2
8
5
2
3
3
2
1
2
3
1
4
1
2
2
2
3
2
2
2
3
1
2
3
2
5
7
1
3
5
0
1
3
3
4
2
4
4
1
1
0
6
2
4
4
6
5
1
4
2
3
5
2
3
0
2
5
3
4
4
1
3
2
2
5
3
1
0
1
0
5
1
5
3
6
5
3
3
4
1
1
3
3
0
2
1
3
4
2
4
1
0
1
2
1
2
2
2
4
1
1
3
1
1
3
2
2
1
1
4
4
4
4
3
4
3
5
3
1
4
6
3
1
3
2
8
2
3
1
4
0
5
1
6
3
3
1
3
3
2
1
6
4
4
1
3
0
1
2
4
1
1
3
2
2
5
3
2
1
1
3
2
2
2
2
1
7
4
2
1
3
2
3
4
4
1
1
2
2
1
0
3
3
0
1
1
1
1
0
1
4
3
4
3
2
6
2
1
0
2
4
3
4
1
0
1
