9
15
163
2975
11015
6065
1632
2671
1290
117
28
21
18
28
14
18
13
14
10
16
7
15
16
10
23
14
11
11
16
19
13
19
27
16
17
19
28
23
14
16
24
22
28
23
33
25
14
32
23
24
31
31
32
25
31
29
28
33
39
34
27
33
37
45
44
38
37
47
37
58
46
37
44
39
44
39
51
51
52
67
50
62
60
58
62
55
52
70
61
60
67
60
73
73
88
62
77
75
83
87
59
93
80
101
77
94
96
98
100
99
96
103
102
90
110
113
111
108
129
120
117
143
140
142
160
170
176
190
168
196
199
202
229
221
198
233
253
259
252
277
291
280
284
301
341
329
340
385
368
392
391
456
395
470
466
525
517
536
559
566
553
636
626
649
687
681
666
740
726
764
835
833
837
856
814
869
869
902
903
890
970
960
1030
1011
1042
1032
1060
1050
1107
1158
1106
1099
1123
1143
1133
1163
1138
1132
1191
1190
1250
1289
1241
1256
1186
1286
1283
1254
1297
1282
1280
1280
1295
1227
1254
1253
1251
1256
1256
1233
1228
1218
1220
1129
1150
1195
1206
1163
1195
1117
1172
1131
1161
1093
1190
1144
1130
1155
1162
1114
1103
1162
1123
1085
1096
1080
1118
1130
1036
1102
1093
1102
1068
1110
1057
1090
1101
1044
1054
1056
1052
1016
1019
999
1001
1021
980
964
1023
979
964
976
949
954
949
989
972
904
932
940
956
934
926
969
1000
950
929
988
991
904
926
932
947
982
991
1003
908
940
923
978
852
926
919
960
884
924
903
866
880
861
819
802
779
794
816
833
823
790
744
761
738
721
743
770
706
733
694
723
657
699
662
699
688
636
671
660
630
616
596
627
621
613
606
598
587
646
611
600
616
616
599
577
536
611
590
577
629
571
568
628
584
590
557
558
530
578
560
561
568
533
568
582
576
526
529
519
544
550
552
536
550
543
531
603
553
524
527
511
546
513
546
466
509
510
522
475
557
500
553
518
527
538
488
492
508
556
493
494
536
514
539
462
520
526
531
487
528
493
501
526
488
513
536
471
522
507
540
501
493
564
534
479
546
483
472
462
483
510
477
472
468
491
480
458
489
466
439
451
465
430
444
433
438
477
398
470
395
406
441
406
389
417
433
419
441
425
418
439
412
427
425
431
461
427
428
431
400
434
462
454
401
439
412
432
435
426
443
465
410
457
471
446
471
484
506
431
507
424
451
471
466
445
450
438
451
460
485
475
427
453
447
442
458
452
471
412
436
456
431
392
452
432
416
379
406
368
378
386
397
359
393
390
401
361
336
344
353
367
323
314
310
310
295
311
313
272
306
322
301
313
300
248
292
290
288
278
257
268
321
261
292
275
282
301
277
261
272
283
246
272
246
268
250
268
268
269
303
253
271
240
265
260
264
254
258
248
256
240
250
263
247
236
243
297
250
272
232
262
254
245
243
247
237
224
239
230
268
237
220
249
221
242
240
248
230
258
245
248
210
235
254
209
272
239
229
233
217
260
205
230
232
228
234
251
231
236
258
232
250
226
216
219
261
232
211
221
220
227
233
231
234
238
238
259
218
230
264
209
209
211
223
221
221
225
208
190
202
230
211
197
224
204
189
226
211
224
197
241
203
199
227
191
226
194
216
228
196
204
179
196
215
208
172
190
205
200
192
191
224
190
224
187
174
182
219
187
188
189
195
210
195
198
195
183
200
200
201
208
186
206
210
187
224
182
200
208
186
211
229
203
209
199
175
189
178
200
199
186
204
184
206
211
177
228
224
191
197
196
182
235
176
227
199
181
210
199
216
214
196
172
204
241
189
201
186
179
199
186
195
179
208
176
196
193
185
184
194
217
193
207
200
171
193
191
172
193
191
214
213
208
197
178
173
198
193
179
184
169
170
179
189
167
169
173
188
163
164
159
178
148
176
169
165
167
176
186
153
166
153
167
157
162
169
162
171
184
163
172
177
166
148
166
156
145
161
162
140
150
166
142
144
150
154
163
142
136
157
169
125
141
137
153
135
148
159
154
154
141
151
144
144
159
142
140
155
155
154
158
140
156
159
166
168
158
157
167
167
152
146
160
177
160
168
175
148
147
183
159
175
164
148
149
157
150
161
159
153
164
167
178
151
179
173
136
176
162
164
169
177
153
174
170
160
150
152
165
150
136
155
146
146
159
142
158
157
138
146
151
117
150
137
146
120
129
149
157
129
135
149
129
138
138
126
142
157
115
129
132
123
116
137
123
124
115
116
144
125
109
113
117
119
119
97
103
119
103
113
114
113
120
123
102
114
110
104
95
115
112
90
120
104
116
134
119
102
109
100
96
104
100
101
82
98
108
108
85
104
98
98
93
109
102
91
101
88
93
113
79
87
89
88
78
75
90
87
104
78
101
79
82
80
78
101
80
85
71
76
77
82
99
80
74
89
86
81
71
78
72
76
74
73
80
63
60
80
66
57
78
65
66
78
72
77
77
86
68
67
79
61
69
76
76
87
82
97
97
99
94
78
85
82
97
85
84
88
99
111
100
104
112
110
111
106
115
109
145
117
123
124
119
151
135
152
129
144
164
145
165
152
182
196
178
201
174
187
186
202
209
194
187
187
204
197
188
206
203
219
209
243
228
180
221
223
212
222
229
207
197
228
212
178
223
200
211
161
201
198
170
201
186
182
188
195
176
170
179
166
163
158
155
151
146
136
136
142
149
127
114
110
143
109
117
128
100
102
94
87
105
104
75
84
89
99
50
68
80
68
68
56
69
69
70
51
63
61
63
48
51
59
52
46
66
62
41
65
43
56
49
45
40
46
49
49
41
52
39
40
47
44
41
43
28
42
31
40
45
29
36
46
45
35
42
44
42
39
34
34
41
42
36
38
35
48
34
36
34
31
46
41
42
42
32
37
40
39
29
36
39
43
42
31
36
37
25
39
40
29
54
37
36
27
48
36
42
41
38
43
40
46
40
41
39
46
41
43
38
35
45
40
41
38
49
41
61
36
40
47
47
47
42
42
50
60
44
45
41
45
56
47
46
51
58
50
51
43
49
56
44
42
41
56
36
50
35
48
53
41
51
46
40
39
49
50
41
36
39
44
45
53
36
40
43
42
38
43
54
33
45
37
38
30
30
32
27
41
35
29
22
24
33
39
33
28
29
28
41
34
21
33
30
29
25
31
27
29
29
28
35
28
32
25
30
25
27
27
20
22
27
21
22
26
25
27
33
30
16
25
28
13
21
27
28
24
19
20
16
24
15
30
30
23
24
22
28
20
22
18
22
27
25
15
20
22
24
18
25
20
22
19
12
21
26
22
19
21
19
16
20
17
25
26
15
23
19
20
24
27
27
16
23
25
19
21
27
17
27
11
21
24
23
27
30
26
20
21
31
34
34
29
29
18
28
20
32
40
24
28
34
36
30
29
32
21
23
29
19
33
38
35
40
30
23
33
35
27
39
35
25
33
43
31
31
26
31
33
31
29
40
30
26
36
36
37
31
25
24
27
29
25
31
42
29
34
26
29
32
36
32
23
39
34
32
26
39
29
21
24
25
15
27
23
25
33
36
27
22
26
28
21
25
29
20
22
23
29
16
25
24
26
21
18
23
21
22
19
21
28
23
20
20
20
16
20
24
26
24
21
21
18
17
21
22
16
17
24
10
16
19
18
15
22
18
11
20
31
23
13
19
18
18
23
12
11
12
13
16
10
16
18
13
20
18
14
15
13
14
19
14
9
16
10
12
10
8
21
7
10
15
11
11
12
14
11
10
13
10
13
14
10
12
13
19
9
10
14
10
16
14
12
13
12
17
13
18
14
23
21
8
21
20
20
21
20
19
25
23
23
18
35
24
20
29
29
18
19
28
18
25
39
25
24
46
35
24
30
40
19
24
26
28
33
36
19
29
31
34
26
26
25
37
28
19
22
24
24
28
20
21
22
14
26
20
30
18
17
17
17
17
17
18
12
19
26
11
8
16
12
13
10
8
16
14
10
6
12
6
8
7
6
10
8
10
4
5
10
6
4
6
3
6
0
5
6
4
8
8
3
5
4
5
3
2
5
5
9
5
5
1
1
1
2
5
5
3
3
2
5
3
4
1
6
7
3
6
4
5
5
2
6
4
2
5
6
5
7
3
2
5
5
3
3
4
3
5
7
7
6
7
5
2
5
3
7
4
3
3
5
10
4
10
2
8
5
4
12
3
5
5
5
7
7
12
9
5
10
10
5
6
6
11
8
4
9
3
5
7
7
7
6
7
9
5
7
4
4
12
8
7
12
8
6
4
7
6
5
5
6
11
10
10
9
5
8
9
12
14
13
12
12
7
11
5
3
11
5
8
5
7
7
12
6
10
8
13
4
6
8
6
9
11
16
12
15
10
3
11
10
11
8
13
10
8
7
6
7
6
9
12
11
7
4
7
6
9
5
11
10
6
11
10
12
7
9
13
7
13
9
8
10
7
8
10
6
7
10
6
9
11
14
5
4
11
9
4
9
11
9
9
8
16
3
9
7
13
11
5
8
10
5
10
12
6
7
6
15
10
13
8
6
9
7
5
5
10
6
10
9
6
9
11
10
15
8
7
4
8
8
8
9
5
13
3
13
12
12
10
11
20
13
9
8
18
10
5
8
10
12
4
13
5
10
7
6
6
2
11
5
7
7
12
9
9
14
6
3
5
7
10
7
6
7
7
14
8
8
6
11
13
5
6
8
5
10
6
9
10
4
7
6
13
7
4
12
4
8
9
7
6
3
12
6
8
8
9
6
6
11
11
7
11
9
5
8
14
14
7
6
7
9
10
9
9
11
9
10
13
10
10
11
10
11
11
14
5
3
8
10
7
7
11
5
11
5
13
9
10
6
6
10
7
15
9
13
7
17
11
13
13
5
12
9
7
7
8
12
6
15
4
14
5
11
9
3
12
6
9
10
8
12
4
7
9
5
7
8
13
6
10
8
4
8
2
9
10
11
9
8
10
7
9
3
10
12
10
10
7
11
11
8
10
8
8
10
4
11
11
6
10
9
7
9
13
6
10
3
5
3
4
10
7
12
5
7
7
6
6
11
6
12
7
9
10
13
7
3
9
5
6
8
9
10
9
10
10
10
8
8
13
9
12
7
6
8
4
16
4
9
2
10
7
6
9
10
4
5
4
11
6
6
6
6
8
5
11
8
5
6
6
7
10
8
11
9
8
3
10
5
8
6
7
7
7
8
8
8
4
10
7
6
7
8
9
7
9
6
7
3
5
4
7
6
8
6
5
3
7
9
4
5
4
7
9
8
9
9
5
6
10
6
5
7
7
6
4
3
7
9
3
5
5
8
6
3
6
1
11
5
7
12
7
4
7
10
5
4
7
6
11
5
10
2
11
7
1
2
6
7
7
8
4
8
5
8
7
7
3
5
5
7
9
9
8
11
4
5
9
8
7
8
5
13
12
3
7
3
7
11
3
9
5
5
6
7
7
4
4
9
10
7
6
11
11
1
8
5
8
8
4
8
7
4
8
3
5
5
4
8
4
3
3
6
8
7
3
5
10
6
3
3
8
5
5
8
4
13
5
4
5
7
2
4
4
5
2
2
5
5
3
2
3
2
3
3
6
2
3
6
4
4
2
4
3
4
3
1
4
2
3
2
1
1
2
2
1
0
0
3
0
0
1
2
0
2
3
1
2
0
1
1
0
0
1
0
0
0
1
0
0
1
0
1
0
0
1
1
0
0
0
0
0
0
0
0
1
0
0
0
0
0
0
0
0
0
0
0
0
0
0
0
0
0
0
0
0
0
0
0
0
0
0
0
0
0
0
0
0
0
0
0
0
0
0
0
0
0
0
0
0
0
0
0
0
0
0
0
0
0
0
0
0
0
0
0
0
0
0
0
0
0
0
0
0
0
0
0
0
0
0
0
0
0
0
0
0
0
0
0
0
0
0
0
0
0
0
0
0
0
0
0
0
0
0
0
0
0
0
0
0
0
0
0
0
0
0
0
0
0
0
0
0
0
0
0
0
0
0
0
0
0
0
0
0
0
0
0
0
0
0
0
0
0
0
0
0
0
0
0
0
0
0
0
0
0
0
0
0
0
0
0
0
0
0
0
0
0
0
0
0
0
0
0
0
0
0
0
0
0
0
0
0
0
0
0
0
0
0
0
0
0
0
0
0
0
0
0
0
0
0
0
0
0
0
0
0
0
0
0
0
0
0
0
0
0
0
0
0
0
0
0
0
0
0
0
0
0
0
0
0
0
0
0
0
0
0
0
0
0
0
0
0
0
0
0
0
0
0
0
0
0
0
0
0
0
0
0
0
0
0
0
0
0
0
0
0
0
0
0
0
0
0
0
0
0
0
0
0
0
0
0
0
0
0
0
0
0
0
0
0
0
0
0
0
0
0
0
0
0
0
0
0
0
0
0
0
0
0
0
0
0
0
0
0
0
0
0
0
0
0
0
0
0
0
0
0
0
0
0
0
0
0
0
0
0
0
0
0
0
0
0
0
0
0
0
0
0
0
0
0
0
0
0
0
0
0
0
0
0
0
0
0
0
0
0
0
0
0
0
0
0
0
0
0
0
0
0
0
0
0
0
0
0
0
0
0
0
0
0
0
0
0
0
0
0
0
0
0
0
0
0
0
0
0
0
0
0
0
0
0
0
0
0
0
0
0
0
0
0
0
0
0
0
0
0
0
0
0
0
0
0
0
0
0
0
0
0
0
0
0
0
0
0
0
0
0
0
0
0
0
0
0
0
0
0
0
0
0
0
0
0
0
0
0
0
0
0
0
0
0
0
0
0
0
0
0
0
0
0
0
0
0
0
0
0
0
0
0
0
0
0
0
0
0
0
0
0
0
0
0
0
0
0
0
0
0
0
0
0
0
0
0
0
0
0
0
0
0
0
0
0
0
0
0
0
0
0
0
0
0
0
0
0
0
0
0
0
0
0
0
0
0
0
0
0
0
0
0
0
0
0
0
0
0
0
0
0
0
0
0
0
0
0
0
0
0
0
0
0
0
0
0
0
0
0
0
0
0
0
0
0
0
0
0
0
0
0
0
0
0
0
0
0
0
0
0
0
0
0
0
0
0
0
0
0
0
0
0
0
0
0
0
0
0
0
0
0
0
0
0
0
0
0
0
0
0
0
0
0
0
0
0
0
0
0
0
0
0
0
0
0
0
0
0
0
0
0
0
0
0
0
0
0
0
0
0
0
0
0
0
0
0
0
0
0
0
0
0
0
0
0
0
0
0
0
0
0
0
0
0
0
0
0
0
0
0
0
0
0
0
0
0
0
0
0
0
0
0
0
0
0
0
0
0
0
0
0
0
0
0
0
0
0
0
0
0
0
0
0
0
0
0
0
0
0
0
0
0
0
0
0
0
0
0
0
0
0
0
0
0
0
0
0
0
0
0
0
0
0
0
0
0
0
0
0
0
0
0
0
0
0
0
0
0
0
0
0
0
0
0
0
0
0
0
0
0
0
0
0
0
0
0
0
0
0
0
0
0
0
0
0
0
0
0
0
0
0
0
0
0
0
0
0
0
0
0
0
0
0
0
0
0
0
0
0
0
0
0
0
0
0
0
0
0
0
0
0
0
0
0
0
0
0
0
0
0
0
0
0
0
0
0
0
0
0
0
0
0
0
0
0
0
0
0
0
0
0
0
0
0
0
0
0
0
0
0
0
0
0
0
0
0
0
0
0
0
0
0
0
0
0
0
0
0
0
0
0
0
0
0
0
0
0
0
0
0
0
0
0
0
0
0
0
0
0
0
0
0
0
0
0
0
0
0
0
0
0
0
0
0
0
0
0
0
0
0
0
0
0
0
0
0
0
0
0
0
0
0
0
0
0
0
0
0
0
0
0
0
0
0
0
0
0
0
0
0
0
0
0
0
0
0
0
0
0
0
0
0
0
0
0
0
0
0
0
0
0
0
0
0
0
0
0
0
0
0
0
0
0
0
0
0
0
0
0
0
0
0
0
0
0
0
0
0
0
0
0
0
0
0
0
0
0
0
0
0
0
0
0
0
0
0
0
0
0
0
0
0
0
0
0
0
0
0
0
0
0
0
0
0
0
0
0
0
0
0
0
0
0
0
0
0
0
0
0
0
0
0
0
0
0
0
0
0
0
0
0
0
0
0
0
0
0
0
0
0
0
0
0
0
0
0
0
0
0
0
0
0
0
0
0
0
0
0
0
0
0
0
0
0
0
0
0
0
0
0
0
0
0
0
0
0
0
0
0
0
0
0
0
0
0
0
0
0
0
0
0
0
0
0
0
0
0
0
0
0
0
0
0
0
0
0
0
0
0
0
0
0
0
0
0
0
0
0
0
0
0
0
0
0
0
0
0
0
0
0
0
0
0
0
0
0
0
0
0
0
0
0
0
0
0
0
0
0
0
0
0
0
0
0
0
0
0
0
0
0
0
0
0
0
0
0
0
0
0
0
0
0
0
0
0
0
0
0
0
0
0
0
0
0
0
0
0
0
0
0
0
0
0
0
0
0
0
0
0
0
0
0
0
0
0
0
0
0
0
0
0
0
0
0
0
0
0
0
0
0
0
0
0
0
0
0
0
0
0
0
0
0
0
0
0
0
0
0
0
0
0
0
0
0
0
0
0
0
0
0
0
0
0
0
0
0
0
0
0
0
0
0
0
0
0
0
0
0
0
0
0
0
0
0
0
0
0
0
0
0
0
0
0
0
0
0
0
0
0
0
0
0
0
0
0
0
0
0
0
0
0
0
0
0
0
0
0
0
0
0
0
0
0
0
0
0
0
0
0
0
0
0
0
0
0
0
0
0
0
0
0
0
0
0
0
0
0
0
0
0
0
0
0
0
0
0
0
0
0
0
0
0
0
0
0
0
0
0
0
0
0
0
0
0
0
0
0
0
0
0
0
0
0
0
0
0
0
0
0
0
0
0
0
0
0
0
0
0
0
0
0
0
0
0
0
0
0
0
0
0
0
0
0
0
0
0
0
0
0
0
0
0
0
0
0
0
0
0
0
0
0
0
0
0
0
0
0
0
0
0
0
0
0
0
0
0
0
0
0
0
0
0
0
0
0
0
0
0
0
0
0
0
0
0
0
0
0
0
0
0
0
0
0
0
0
0
0
0
0
0
0
0
0
0
0
0
0
0
0
0
0
0
0
0
0
0
0
0
0
0
0
0
0
0
0
0
0
0
0
0
0
0
0
0
0
0
0
0
0
0
0
0
0
0
0
0
0
0
0
0
0
0
0
0
0
0
0
0
0
0
0
0
0
0
0
0
0
0
0
0
0
0
0
0
0
0
0
0
0
0
0
0
0
0
0
0
0
0
0
0
0
0
0
0
0
0
0
0
0
0
0
