10
13
103
2329
8856
4534
1456
2787
1790
556
145
55
43
42
57
42
24
21
19
26
22
24
21
18
31
23
29
17
19
25
30
27
28
32
21
36
30
32
31
26
36
40
46
48
57
43
45
41
55
46
40
54
50
54
50
60
57
63
49
59
69
65
62
67
68
71
56
90
66
64
77
61
85
89
87
95
82
98
91
95
85
105
85
96
101
115
94
97
116
118
99
130
115
116
114
102
142
100
138
122
138
149
167
139
156
128
150
160
157
137
167
189
181
177
194
199
176
210
234
221
234
272
243
281
238
281
285
273
278
290
349
301
358
329
393
414
425
430
443
466
469
485
513
533
542
552
576
607
665
673
759
710
740
828
784
844
882
1006
992
1001
1026
1018
1145
1199
1185
1202
1386
1308
1457
1348
1396
1452
1507
1574
1525
1662
1600
1576
1683
1733
1699
1799
1827
1837
1792
1768
1930
1881
1864
1974
1877
1905
1922
1963
2020
2026
2061
2040
2074
2021
2068
2056
2082
2088
2101
2066
2063
2108
2098
2067
2072
2073
2107
2128
2019
1971
2077
2044
2010
2009
1941
1981
1847
2020
1872
1981
1927
1935
1871
1899
1922
1811
1927
1892
1928
1852
1828
1850
1907
1901
1845
1823
1870
1835
1863
1801
1732
1734
1825
1760
1813
1855
1829
1693
1757
1725
1742
1681
1804
1728
1756
1761
1733
1736
1717
1670
1695
1630
1732
1698
1654
1696
1605
1646
1689
1682
1676
1662
1656
1652
1596
1661
1702
1719
1709
1657
1665
1662
1645
1677
1598
1618
1670
1590
1632
1638
1659
1602
1579
1688
1542
1611
1645
1620
1472
1560
1586
1553
1607
1513
1560
1534
1605
1492
1484
1524
1491
1454
1423
1528
1444
1339
1465
1463
1494
1437
1431
1404
1425
1489
1438
1339
1391
1387
1400
1403
1397
1360
1363
1340
1358
1412
1331
1321
1333
1351
1388
1369
1362
1430
1363
1309
1363
1369
1397
1289
1310
1313
1311
1262
1308
1297
1338
1318
1360
1373
1292
1302
1276
1264
1305
1296
1222
1244
1301
1248
1215
1227
1226
1178
1142
1164
1171
1183
1154
1078
1125
1130
1085
1065
1041
1034
1057
1079
1011
1017
1026
1066
1024
1040
1000
1001
993
1066
1020
1043
927
1065
991
954
989
986
974
1046
922
1019
984
897
964
938
930
1039
940
934
960
959
889
951
929
953
933
919
926
964
939
926
974
962
933
909
896
903
899
940
916
903
867
922
898
889
879
872
837
893
872
897
878
832
892
904
873
881
855
864
883
835
877
852
883
877
930
837
868
927
909
831
939
895
885
913
955
914
900
865
927
955
930
943
887
934
995
962
1011
988
951
976
995
994
1073
1037
1076
1115
1143
1017
1086
1231
1186
1298
1268
1263
1286
1349
1378
1459
1461
1562
1594
1673
1632
1756
1782
1838
1899
1982
2028
2121
2212
2281
2447
2374
2381
2574
2609
2690
2732
2798
2911
2964
2919
3144
3069
3252
3134
3264
3167
3131
3245
3232
3172
3135
3135
3045
3069
2974
2953
2959
2860
2653
2628
2694
2575
2375
2409
2306
2249
2117
1966
1965
1923
1701
1686
1564
1518
1288
1260
1252
1199
1136
1041
1024
923
835
763
720
717
638
619
596
542
569
458
485
417
423
391
376
322
359
327
314
336
281
304
295
293
278
260
287
253
258
257
285
256
253
245
244
228
245
222
220
266
243
229
237
243
234
255
244
245
226
197
236
240
239
224
215
235
252
228
215
240
235
231
213
247
242
228
183
211
202
209
232
223
236
244
232
217
223
209
208
224
206
223
215
204
203
195
194
215
215
213
201
226
219
193
170
187
183
206
225
212
205
190
184
218
227
206
205
204
199
194
204
167
199
213
189
182
227
193
223
191
196
200
197
218
210
192
185
211
204
185
206
194
195
185
200
191
191
197
212
202
186
185
212
230
198
214
211
208
224
215
214
185
197
204
200
199
206
192
204
203
180
202
195
203
207
190
189
212
228
208
186
193
182
188
203
208
204
185
180
203
223
173
205
188
208
176
182
218
201
182
189
161
187
170
172
160
186
186
184
181
204
163
175
183
173
163
201
166
164
186
184
171
170
166
181
175
162
166
154
158
179
156
166
155
160
150
166
156
179
145
150
154
147
159
144
140
149
160
173
190
154
149
153
151
124
159
179
153
159
141
138
142
157
166
144
163
135
167
174
119
137
145
161
158
162
151
170
157
148
158
156
155
131
137
149
139
156
156
161
139
147
145
150
161
158
149
156
154
143
179
159
168
173
160
149
144
170
155
160
176
174
168
169
170
174
166
182
144
154
154
161
170
165
153
160
171
148
172
154
143
176
173
147
159
161
160
141
158
172
156
153
144
155
166
147
151
154
164
129
152
133
133
152
151
127
129
121
123
122
119
135
128
146
143
137
125
143
111
125
128
105
120
114
133
125
136
130
134
118
115
124
133
123
111
128
115
134
124
108
97
123
104
126
107
111
113
112
101
104
99
91
112
103
108
107
102
109
111
124
109
97
80
117
101
115
108
86
100
102
91
88
103
98
99
74
87
95
84
91
82
89
90
97
78
86
84
102
85
87
85
84
95
76
83
74
83
67
84
79
70
87
72
73
68
61
82
95
64
74
67
80
73
70
72
89
82
88
80
90
86
79
87
77
77
83
86
76
80
84
97
96
72
77
86
112
94
100
92
92
87
107
92
86
90
101
79
92
80
123
113
97
124
125
131
142
142
139
120
126
134
144
149
157
165
155
157
143
160
178
144
203
176
195
168
165
209
204
192
182
211
185
216
203
212
194
237
209
243
200
224
201
211
213
200
223
226
225
209
188
197
185
179
200
198
193
184
192
176
194
195
155
159
182
174
157
156
160
159
128
152
139
118
138
142
108
99
131
127
85
116
90
118
103
95
95
95
97
72
86
82
68
67
76
76
78
85
63
63
80
65
79
63
53
77
71
58
43
69
64
47
44
58
50
51
56
32
43
41
43
46
38
54
33
52
34
44
40
45
44
31
50
41
40
39
42
35
32
38
37
39
31
39
39
40
36
47
43
38
26
33
48
23
37
34
34
35
36
36
36
24
40
40
46
32
31
44
27
33
24
29
35
45
44
29
28
35
41
42
39
45
41
34
44
37
34
38
41
35
34
35
46
34
48
41
41
39
46
51
30
32
48
48
49
45
55
46
50
44
43
53
52
47
48
57
38
44
55
58
62
51
42
57
44
45
62
49
51
43
50
42
53
39
53
43
47
44
42
50
58
56
38
39
40
43
38
36
38
46
36
35
33
49
45
33
44
39
40
36
32
35
41
42
33
32
27
36
35
34
37
26
28
33
32
31
29
27
34
30
35
30
29
27
20
29
26
16
32
32
27
32
24
24
29
27
24
25
23
20
26
21
26
23
15
17
22
26
21
18
23
19
25
23
24
20
21
17
15
21
30
25
14
16
27
30
24
19
22
25
28
25
22
32
25
26
28
19
23
24
22
18
15
14
23
23
27
25
28
17
22
28
26
24
25
24
13
34
14
14
14
21
21
16
32
18
31
27
21
24
24
19
29
23
23
22
24
27
27
26
18
32
38
36
31
23
32
41
31
31
31
21
23
20
26
29
37
41
27
33
31
26
35
26
33
48
30
24
24
30
39
37
38
28
39
31
31
30
30
25
38
28
45
33
35
32
24
31
38
24
30
35
34
24
28
27
24
31
29
25
36
35
32
28
42
24
29
28
26
26
33
30
29
35
28
26
22
25
22
27
26
26
21
19
33
24
24
24
24
17
22
19
27
29
32
26
22
18
20
19
25
14
33
20
21
24
17
18
21
20
14
7
24
21
17
20
14
23
16
17
17
11
17
16
22
12
11
21
19
17
17
17
15
15
13
31
12
16
14
12
14
15
11
17
10
16
11
13
13
11
12
12
10
14
9
23
15
12
9
10
13
9
8
12
12
13
16
14
6
9
11
22
11
15
13
19
10
19
19
12
19
16
18
12
17
19
15
22
16
20
16
25
13
28
21
22
26
21
20
17
27
35
29
34
25
25
31
36
20
23
23
33
36
24
27
28
24
23
28
38
28
28
30
23
21
27
18
31
24
25
25
17
18
21
18
27
22
16
27
24
23
23
25
21
20
22
16
12
13
18
13
13
7
14
13
13
17
7
10
11
15
10
12
14
12
10
6
9
8
4
5
8
6
11
3
3
8
4
7
7
8
6
3
2
7
7
6
3
6
3
2
5
1
5
4
4
1
5
4
6
6
4
5
5
6
6
3
7
5
3
2
6
4
4
4
10
11
4
4
2
6
1
4
4
5
8
3
7
3
4
8
2
3
3
5
7
6
4
3
6
5
10
7
5
4
3
3
8
5
1
6
3
7
2
5
4
5
2
2
6
5
2
6
5
9
5
7
6
4
7
9
8
6
5
5
13
6
8
4
5
5
8
5
8
11
12
5
12
10
9
12
12
4
7
9
3
8
5
9
12
10
9
5
3
5
7
7
10
6
10
8
9
9
6
6
10
9
7
9
13
8
7
11
5
9
6
6
8
10
11
11
7
7
10
8
15
7
9
10
11
7
10
10
13
9
9
9
10
7
12
7
9
8
10
9
9
4
15
7
18
8
8
10
8
11
11
14
11
8
13
7
13
3
10
16
11
7
5
8
11
15
9
5
11
4
12
12
12
10
9
9
13
19
11
11
9
7
9
9
5
9
18
7
4
8
5
7
6
8
12
14
9
10
9
8
10
9
8
8
8
11
9
7
10
9
6
4
9
6
14
6
6
4
11
13
4
8
6
6
12
4
13
8
10
7
4
12
6
11
8
11
12
6
14
9
10
12
7
6
7
11
12
12
7
8
9
9
5
11
6
9
14
12
12
5
13
12
7
6
16
6
11
3
12
10
9
10
11
12
7
9
10
13
6
9
14
3
10
13
4
14
2
6
8
15
5
6
4
8
8
6
8
12
8
3
11
5
9
16
9
9
9
11
10
14
9
5
8
4
10
6
10
9
4
10
2
6
11
10
8
11
6
7
16
10
9
4
10
2
13
11
3
4
7
8
13
4
8
8
9
5
8
14
4
9
10
8
7
9
9
8
5
6
10
7
12
8
9
12
4
4
5
9
5
7
8
7
9
6
10
13
11
9
7
12
12
12
2
3
9
11
6
8
6
10
7
9
10
6
6
11
8
14
11
7
8
7
7
10
8
5
5
9
10
6
6
7
8
7
7
8
7
8
9
6
6
5
9
7
8
7
11
9
8
8
5
10
7
5
4
2
11
10
11
5
2
10
5
9
10
7
8
7
4
9
7
6
4
8
8
8
7
6
8
8
2
6
13
13
11
4
7
3
9
6
5
3
8
6
11
13
5
4
10
5
8
9
9
7
7
9
8
8
14
3
9
6
7
4
1
4
8
5
3
9
7
8
11
2
8
11
12
4
9
8
6
12
4
5
6
9
12
8
3
6
5
10
5
5
6
11
7
10
4
8
5
6
10
4
7
9
5
5
8
6
4
4
4
12
3
6
5
4
6
10
6
7
6
6
8
10
4
5
5
9
9
8
7
4
3
8
10
6
6
7
4
6
8
4
4
8
3
4
8
6
3
6
11
4
7
5
9
5
11
11
13
10
8
10
9
9
10
5
7
8
8
3
7
5
7
8
8
6
10
9
8
7
8
3
6
5
7
4
8
6
6
3
8
13
8
3
6
5
4
5
3
8
4
13
5
7
3
9
6
6
2
5
5
4
5
2
2
10
4
5
6
4
3
5
3
4
4
5
3
2
5
7
5
3
6
6
1
6
5
7
3
2
4
1
3
5
3
1
2
4
3
4
0
2
2
1
0
1
7
0
1
2
2
0
3
0
0
3
0
0
2
1
0
2
0
1
1
0
0
2
0
0
0
0
0
0
0
1
0
0
0
0
0
0
0
0
0
0
0
0
0
0
0
0
1
0
0
0
0
0
0
0
0
0
0
0
0
0
0
0
0
0
0
0
0
0
0
0
0
0
0
0
0
0
0
0
0
0
0
0
0
0
0
0
0
0
0
0
0
0
0
0
0
0
0
0
0
0
0
0
0
0
0
0
0
0
0
0
0
0
0
0
0
0
0
0
0
0
0
0
0
0
0
0
0
0
0
0
0
0
0
0
0
0
0
0
0
0
0
0
0
0
0
0
0
0
0
0
0
0
0
0
0
0
0
0
0
0
0
0
0
0
0
0
0
0
0
0
0
0
0
0
0
0
0
0
0
0
0
0
0
0
0
0
0
0
0
0
0
0
0
0
0
0
0
0
0
0
0
1
0
0
0
0
0
0
0
0
0
0
0
0
0
0
0
0
0
0
0
0
0
0
0
0
0
0
0
0
0
0
0
0
0
0
0
0
0
0
0
0
0
0
0
0
0
0
0
0
0
0
0
0
0
0
0
0
0
0
0
0
0
0
0
0
0
0
0
0
0
0
0
0
0
0
0
0
0
0
0
0
0
0
0
0
0
0
0
0
0
0
0
0
0
0
0
0
0
0
0
0
0
0
0
0
0
0
0
0
0
0
0
0
0
0
0
0
0
0
0
0
0
0
0
0
0
0
0
0
0
0
0
0
0
0
0
0
0
0
0
0
0
0
0
0
0
0
0
0
0
0
0
0
0
0
0
0
0
0
0
0
0
0
0
0
0
0
0
0
0
0
0
0
0
0
0
0
0
0
0
0
0
0
0
0
0
0
0
0
0
0
0
0
0
0
0
0
0
0
0
0
0
0
0
0
0
0
0
0
0
0
0
0
0
0
0
0
0
0
0
0
0
0
0
0
0
0
0
0
0
0
0
0
0
0
0
0
0
0
0
0
0
0
0
0
0
0
0
0
0
0
0
0
0
0
0
0
0
0
0
0
0
0
0
0
0
0
0
0
0
0
0
0
0
0
0
0
0
0
0
0
0
0
0
0
0
0
0
0
0
0
0
0
0
0
0
0
0
0
0
0
0
0
0
0
0
0
0
0
0
0
0
0
0
0
0
0
0
0
0
0
0
0
0
0
0
0
0
0
0
0
0
0
0
0
0
0
0
0
0
0
0
0
0
0
0
0
0
0
0
0
0
0
0
0
0
0
0
0
0
0
0
0
0
0
0
0
0
0
0
0
0
0
0
0
0
0
0
0
0
0
0
0
0
0
0
0
0
0
0
0
0
0
0
0
0
0
0
0
0
0
0
0
0
0
0
0
0
0
0
0
0
0
0
0
0
0
0
0
0
0
0
0
0
0
0
0
0
0
0
0
0
0
0
0
0
0
0
0
0
0
0
0
0
0
0
0
0
0
0
0
0
0
0
0
0
0
0
0
0
0
0
0
0
0
0
0
0
0
0
0
0
0
0
0
0
0
0
0
0
0
0
0
0
0
0
0
0
0
0
0
0
0
0
0
0
0
0
0
0
0
0
0
0
0
0
0
0
0
0
0
0
0
0
0
0
0
0
0
0
0
0
0
0
0
0
0
0
0
0
0
0
0
0
0
0
0
0
0
0
0
0
0
0
0
0
0
0
0
0
0
0
0
0
0
0
0
0
0
0
0
0
0
0
0
0
0
0
0
0
0
0
0
0
0
0
0
0
0
0
0
0
0
0
0
0
0
0
0
0
0
0
0
0
0
0
0
0
0
0
0
0
0
0
0
0
0
0
0
0
0
0
0
0
0
0
0
0
0
0
0
0
0
0
0
0
0
0
0
0
0
0
0
0
0
0
0
0
0
0
0
0
0
0
0
0
0
0
0
0
0
0
0
0
0
0
0
0
0
0
0
0
0
0
0
0
0
0
0
0
0
0
0
0
0
0
0
0
0
0
0
0
0
0
0
0
0
0
0
0
0
0
0
0
0
0
0
0
0
0
0
0
0
0
0
0
0
0
0
0
0
0
0
0
0
0
0
0
0
0
0
0
0
0
0
0
0
0
0
0
0
0
0
0
0
0
0
0
0
0
0
0
0
0
0
0
0
0
0
0
0
0
0
0
0
0
0
0
0
0
0
0
0
0
0
0
0
0
0
0
0
0
0
0
0
0
0
0
0
0
0
0
0
0
0
0
0
0
0
0
0
0
0
0
0
0
0
0
0
0
0
0
0
0
0
0
0
0
0
0
0
0
0
0
0
0
0
0
0
0
0
0
0
0
0
0
0
0
0
0
0
0
0
0
0
0
0
0
0
0
0
0
0
0
0
0
0
0
0
0
0
0
0
0
0
0
0
0
0
0
0
0
0
0
0
0
0
0
0
0
0
0
0
0
0
0
0
0
0
0
0
0
0
0
0
0
0
0
0
0
0
0
0
0
0
0
0
0
0
0
0
0
0
0
0
0
0
0
0
0
0
0
0
0
0
0
0
0
0
0
0
0
0
0
0
0
0
0
0
0
0
0
0
0
0
0
0
0
0
0
0
0
0
0
0
0
0
0
0
0
0
0
0
0
0
0
0
0
0
0
0
0
0
0
0
0
0
0
0
0
0
0
0
0
0
0
0
0
0
0
0
0
0
0
0
0
0
0
0
0
0
0
0
0
0
0
0
0
0
0
0
0
0
0
0
0
0
0
0
0
0
0
0
0
0
0
0
0
0
0
0
0
0
0
0
0
0
0
0
0
0
0
0
0
0
0
0
0
0
0
0
0
0
0
0
0
0
0
0
0
0
0
0
0
0
0
0
0
0
0
0
0
0
0
0
0
0
0
0
0
0
0
0
0
0
0
0
0
0
0
0
0
0
0
0
0
0
0
0
0
0
0
0
0
0
0
0
0
0
0
0
0
0
0
0
0
0
0
0
0
0
0
0
0
0
0
0
0
0
0
0
0
0
0
0
0
0
0
0
0
0
0
0
0
0
0
0
0
0
0
0
0
0
0
0
0
0
0
0
0
0
0
0
0
0
0
0
0
0
0
0
0
0
0
0
0
0
0
0
0
0
0
0
0
0
0
0
0
0
0
0
0
0
0
0
0
0
0
0
0
0
0
0
0
0
0
0
0
0
0
0
0
0
0
0
0
0
0
0
0
0
0
0
0
0
0
0
0
0
0
0
0
0
0
0
0
0
0
0
0
0
0
0
0
0
0
0
0
0
0
0
0
0
0
0
0
0
0
0
0
0
0
0
0
0
0
0
0
0
0
0
0
0
0
0
0
0
0
0
0
0
0
0
0
0
0
0
0
0
0
0
0
0
0
0
0
0
0
0
0
0
0
0
0
0
0
0
0
0
0
0
0
0
0
0
0
0
0
0
0
0
0
0
0
0
0
0
0
0
0
0
0
0
0
0
0
0
0
0
0
0
0
0
0
0
0
0
0
0
0
0
0
0
0
0
0
0
0
0
0
0
0
0
0
0
0
0
0
0
0
0
0
0
0
0
0
0
0
0
0
0
0
0
0
0
0
0
0
0
0
0
0
0
0
0
0
0
0
0
0
0
0
0
0
0
0
0
0
0
0
0
0
0
0
0
0
0
0
0
0
0
0
0
0
0
0
0
0
0
0
0
0
0
0
0
0
0
0
0
0
0
0
0
0
0
0
0
0
0
0
0
0
