6
14
262
4652
11124
3872
2841
6366
3585
1251
329
83
85
69
61
43
28
20
25
23
22
27
20
23
17
28
29
30
34
34
29
23
28
23
41
34
33
37
30
48
41
43
34
39
46
51
46
53
57
58
59
59
56
75
59
53
67
59
72
75
50
92
72
79
97
83
85
92
83
76
74
77
94
110
95
86
98
111
101
100
112
128
113
115
104
99
117
118
121
134
134
126
162
146
119
115
119
155
150
151
148
143
163
144
171
169
167
216
192
201
193
192
204
221
212
240
262
215
251
256
274
260
291
280
322
305
314
323
350
332
373
399
374
400
417
453
479
458
483
514
507
585
572
631
596
644
728
701
763
769
806
838
902
927
973
939
1014
1090
1199
1145
1178
1234
1360
1292
1360
1441
1472
1462
1486
1601
1610
1624
1703
1682
1844
1753
1736
1900
1915
1811
1917
1923
1994
1997
2020
2005
2043
2076
2083
2095
2084
2135
2060
2206
2168
2182
2141
2162
2208
2284
2243
2238
2227
2263
2277
2169
2254
2183
2238
2166
2214
2306
2402
2180
2242
2208
2203
2142
2221
2225
2139
2232
2140
2127
2206
2038
2096
2089
2099
2141
2146
2057
2081
2021
2172
2061
2080
2130
2090
2132
2133
2086
2012
2058
2061
2083
2083
2055
2070
1977
2016
2093
2074
2055
2035
2020
2013
2009
1943
2009
1977
2007
1937
1936
1919
1920
1917
1981
1943
1889
1860
1858
1806
1856
1905
1868
1944
1926
1909
1958
1896
1926
1853
1865
1860
1862
1836
1885
1996
1930
1894
1867
1883
1910
1832
1908
1845
1869
1890
1961
1891
1796
1868
1739
1769
1770
1752
1857
1761
1771
1784
1747
1743
1742
1771
1744
1683
1712
1722
1780
1749
1632
1837
1653
1704
1661
1682
1724
1601
1685
1651
1651
1641
1672
1676
1668
1644
1640
1628
1649
1658
1598
1621
1678
1670
1594
1688
1649
1614
1665
1646
1680
1603
1567
1612
1684
1686
1657
1616
1593
1636
1594
1658
1638
1574
1602
1584
1569
1534
1495
1532
1537
1517
1496
1410
1459
1461
1414
1403
1418
1446
1434
1347
1326
1351
1300
1331
1302
1316
1299
1250
1246
1224
1194
1196
1235
1191
1181
1234
1176
1179
1162
1192
1136
1173
1172
1134
1155
1110
1132
1109
1143
1170
1137
1111
1123
1107
1126
1133
1099
1078
1095
1131
1091
1105
1155
1085
1098
1061
1036
1057
1038
1028
1007
1087
1066
1090
1033
1031
999
1037
988
976
1028
946
1078
1012
984
997
1014
1027
994
1036
981
997
988
971
1001
1011
1017
898
992
962
1029
1021
961
969
985
988
984
980
1037
948
973
907
1007
1012
945
996
1012
974
1023
1058
1035
1014
1021
1081
1029
1116
1083
1073
1065
1070
1128
1180
1221
1123
1259
1219
1246
1251
1254
1355
1401
1380
1449
1595
1509
1614
1648
1693
1775
1862
1965
1963
2065
2149
2295
2423
2476
2528
2653
2814
2821
3052
3110
3181
3216
3499
3489
3571
3782
3804
3906
4094
4261
4218
4466
4443
4551
4531
4619
4504
4653
4672
4602
4563
4553
4512
4417
4473
4396
4167
4174
4112
3945
3934
3735
3648
3556
3384
3302
3164
2979
2845
2690
2465
2491
2331
2212
2003
1942
1793
1673
1594
1496
1374
1298
1253
1144
1151
990
854
784
748
711
730
643
584
551
508
518
466
441
407
412
385
343
334
330
299
313
261
298
277
260
250
258
259
267
243
263
248
264
272
217
266
252
264
254
274
242
237
233
265
250
248
236
266
216
198
221
234
226
234
239
220
215
239
214
263
250
205
223
222
231
213
238
223
203
261
229
219
191
235
220
223
232
216
219
216
222
221
203
191
194
245
215
213
215
216
194
202
197
195
188
188
190
219
226
204
207
208
181
180
187
200
213
232
202
199
174
206
200
199
209
219
224
221
191
196
187
197
175
183
189
190
199
216
207
189
208
189
198
183
219
162
181
215
181
208
216
207
194
197
198
184
217
206
203
189
229
188
187
203
224
189
212
213
200
206
179
209
212
206
214
195
198
202
218
192
171
200
194
201
207
166
210
183
186
173
172
215
200
192
199
209
168
212
186
225
176
167
199
187
186
206
190
183
198
197
207
176
193
193
178
173
164
172
199
157
181
167
177
183
168
182
169
153
174
141
167
154
165
178
161
154
169
163
174
169
157
163
155
157
180
158
169
164
158
130
166
162
148
142
141
160
193
128
141
154
163
152
139
162
166
144
147
162
167
158
145
138
171
146
185
169
142
148
148
152
134
166
157
162
143
148
155
169
181
149
138
150
175
149
146
176
160
165
159
188
177
153
168
151
158
157
152
148
166
168
164
153
185
171
159
153
145
157
157
179
145
177
178
168
161
173
151
155
173
158
134
167
147
147
163
146
175
138
159
143
131
150
166
142
141
148
160
144
139
143
134
149
159
145
129
157
143
113
137
127
117
125
120
147
129
144
131
135
125
122
139
131
114
117
128
120
111
133
129
133
106
108
114
124
124
128
97
135
93
118
111
98
108
127
102
118
92
113
120
98
119
112
91
96
98
119
106
97
94
101
105
85
107
91
93
89
102
99
95
105
83
109
105
87
82
100
68
93
100
83
84
70
85
97
90
75
75
78
79
64
80
80
91
78
73
94
76
85
86
84
79
66
84
85
80
76
81
83
86
91
79
90
104
73
65
72
66
69
80
84
81
63
82
61
85
81
93
65
87
88
96
88
88
83
98
103
98
93
114
98
102
105
96
100
107
104
105
125
129
115
126
114
109
128
149
159
139
139
140
154
170
163
145
177
176
155
174
182
161
176
177
191
183
200
217
214
188
210
220
230
191
215
236
218
240
200
217
218
223
206
205
223
228
204
212
205
203
208
180
183
189
182
191
176
191
173
179
190
163
164
155
130
154
134
148
123
169
132
145
129
125
114
122
116
115
108
112
102
109
105
110
111
86
88
89
93
89
73
74
81
71
68
76
75
72
55
78
54
54
53
65
51
53
59
52
47
57
58
49
46
55
65
37
53
55
37
51
41
39
39
51
49
45
34
39
34
42
42
37
46
46
29
47
36
57
41
47
45
32
40
39
32
42
26
33
38
25
31
49
35
48
27
27
38
28
60
38
37
37
28
43
49
33
38
33
39
30
38
31
39
45
34
31
37
36
42
37
46
39
25
50
39
44
46
34
39
55
39
46
43
51
38
47
36
45
40
58
55
39
50
46
44
57
45
45
38
53
59
43
55
49
37
61
62
44
48
55
43
49
41
52
44
47
59
44
60
51
35
52
47
34
34
48
53
42
44
27
45
41
33
42
44
49
45
37
46
47
35
42
42
32
33
32
28
44
36
43
37
34
35
34
32
37
33
37
25
42
28
35
30
27
20
25
34
29
29
26
22
16
22
26
34
26
36
31
15
27
27
24
25
22
26
33
29
29
26
33
29
13
24
18
22
21
19
18
20
20
21
24
17
25
20
26
20
23
18
15
22
26
21
19
23
20
20
19
14
25
22
27
27
15
30
25
22
17
21
25
20
14
22
27
21
25
18
22
21
22
14
27
15
24
20
23
20
25
24
27
24
24
24
23
24
19
19
20
21
31
23
30
27
35
18
27
21
22
33
24
21
32
24
25
25
28
32
22
26
36
24
28
35
26
33
24
39
36
31
31
21
41
36
29
25
28
27
32
39
35
28
29
35
26
28
33
29
21
33
31
33
31
46
36
32
26
31
28
26
33
30
23
34
27
28
31
30
26
35
29
29
23
19
26
30
26
26
27
31
19
19
23
19
27
30
23
24
26
27
28
22
28
30
26
31
29
25
25
23
25
21
31
22
30
22
17
23
18
11
24
26
23
20
23
21
20
16
22
12
18
19
13
15
11
18
21
14
22
15
17
12
32
12
20
13
14
21
14
20
8
14
12
16
12
15
9
13
14
17
22
8
13
12
24
15
14
9
14
14
7
8
13
15
16
13
11
13
9
5
17
6
18
12
16
18
17
11
18
15
14
16
17
9
15
16
12
11
22
18
13
24
9
12
20
22
18
15
19
28
23
21
26
21
25
22
31
19
36
29
29
29
20
26
25
27
28
22
33
34
31
28
25
37
31
28
34
32
28
28
29
34
21
21
26
30
29
26
14
19
21
28
20
31
17
19
19
14
19
19
22
17
24
17
17
19
17
13
19
16
15
10
11
12
10
7
13
24
9
6
12
3
9
10
9
7
5
7
6
11
6
7
4
4
7
8
4
3
5
10
2
3
3
6
4
7
6
4
5
5
3
4
3
5
2
5
8
2
3
2
7
2
6
6
1
2
5
4
3
3
6
6
3
3
5
2
5
3
8
3
2
6
4
3
7
12
5
1
3
7
4
7
3
1
4
5
7
7
6
4
6
2
2
6
5
4
8
1
2
8
6
5
3
2
3
8
5
9
4
6
6
3
6
12
3
4
3
8
6
9
8
2
6
3
7
7
7
7
9
10
3
5
9
6
10
10
5
7
11
8
5
9
6
11
8
7
9
7
10
6
6
10
9
13
2
7
11
15
5
9
6
9
6
9
5
6
5
9
8
9
7
5
9
7
5
8
11
8
4
6
12
7
8
8
9
9
8
12
9
11
9
8
12
5
9
7
10
5
10
6
7
8
11
10
9
7
9
8
11
10
15
7
7
11
11
10
8
10
11
13
6
9
11
13
6
9
7
12
8
10
11
12
8
9
7
9
12
10
7
5
8
9
12
12
8
9
12
10
4
7
10
7
9
8
11
7
7
7
7
8
12
13
7
6
11
6
5
11
12
9
15
12
9
19
8
12
11
9
3
10
6
7
8
13
11
9
13
10
10
11
7
6
8
8
8
10
8
7
5
6
8
11
7
9
11
5
5
8
7
10
8
9
7
13
7
17
10
10
14
5
8
5
13
6
6
9
5
8
9
11
9
9
6
13
7
6
9
13
8
6
12
16
11
8
12
11
9
12
8
10
13
11
11
7
11
8
13
7
10
5
5
9
7
9
11
15
11
6
13
9
14
9
6
9
9
11
8
10
7
9
8
3
11
8
13
11
6
13
5
7
9
12
10
16
5
9
11
9
12
11
11
11
12
6
6
8
8
8
13
9
9
10
11
11
6
11
6
6
8
3
11
5
9
11
8
12
6
10
11
3
8
8
7
13
7
2
15
13
7
7
6
11
11
7
12
15
11
10
5
13
8
9
11
8
12
16
19
9
4
13
7
11
11
10
6
8
8
10
4
11
10
14
8
5
9
4
8
7
8
10
8
9
9
7
15
11
6
4
11
5
4
10
9
5
8
6
5
7
11
3
9
12
12
5
5
7
9
9
5
7
7
8
7
7
11
8
7
7
10
6
7
6
2
6
11
11
3
8
10
8
6
9
6
12
5
8
6
9
4
11
4
3
9
5
9
9
9
8
7
8
6
4
7
6
8
5
5
10
1
3
12
4
13
5
9
9
8
10
6
9
9
2
4
10
5
7
4
7
8
6
7
9
7
6
8
8
2
2
6
9
7
7
9
8
6
3
6
3
5
12
6
3
5
5
10
4
5
12
4
8
14
4
10
7
11
6
3
5
7
3
5
3
6
6
5
4
6
6
3
6
6
7
1
5
8
8
8
8
4
6
5
10
4
7
8
3
10
10
0
6
7
5
9
2
9
8
7
9
5
6
3
4
4
7
3
7
6
10
9
4
9
6
3
12
14
3
8
10
2
7
11
8
4
7
9
6
10
4
8
5
2
13
6
5
5
5
3
5
7
6
7
4
7
4
5
6
7
2
8
4
5
8
6
6
6
10
6
5
4
3
4
3
3
6
0
7
2
2
6
4
3
2
4
1
3
4
1
3
6
3
3
4
2
1
2
1
2
0
1
4
3
0
2
2
0
2
1
0
2
0
1
0
0
1
1
1
0
0
1
1
1
0
2
0
1
0
0
0
0
0
0
0
0
0
1
0
1
0
0
0
0
0
0
0
0
0
0
0
0
0
0
0
0
0
0
0
0
0
0
0
0
1
0
0
0
0
0
0
0
0
0
0
0
0
0
0
0
0
0
0
0
0
0
0
0
0
0
0
0
0
0
0
0
0
0
0
0
0
0
0
0
0
0
0
0
0
0
0
0
0
0
0
0
0
0
0
0
0
0
0
0
0
0
0
0
0
0
0
0
0
0
0
0
0
0
0
0
0
0
0
0
0
0
0
0
0
0
0
0
0
0
0
0
0
0
0
0
0
0
0
0
0
0
0
0
0
0
0
0
0
0
0
0
0
0
0
0
0
0
0
0
0
0
0
0
0
0
0
0
0
0
0
0
0
0
0
0
0
0
0
0
0
0
0
0
0
0
0
0
0
0
0
0
0
0
0
0
0
0
0
0
0
0
0
0
0
0
0
0
0
0
0
0
0
0
0
0
0
0
0
0
0
0
0
0
0
0
0
0
0
0
0
0
0
0
0
0
0
0
0
0
0
0
0
0
0
0
0
0
0
0
0
0
0
0
0
0
0
0
0
0
0
0
0
0
0
0
0
0
0
0
0
0
0
0
0
0
0
0
0
0
0
0
0
0
0
0
0
0
0
0
0
0
0
0
0
0
0
0
0
0
0
0
0
0
0
0
0
0
0
0
0
0
0
0
0
0
0
0
0
0
0
0
0
0
0
0
0
0
0
0
0
0
0
0
0
0
0
0
0
0
0
0
0
0
0
0
0
0
0
0
0
0
0
0
0
0
0
0
0
0
0
0
0
0
0
0
0
0
0
0
0
0
0
0
0
0
0
0
0
0
0
0
0
0
0
0
0
0
0
0
0
0
0
0
0
0
0
0
0
0
0
0
0
0
0
0
0
0
0
0
0
0
0
0
0
0
0
0
0
0
0
0
0
0
0
0
0
0
0
0
0
0
0
0
0
0
0
0
0
0
0
0
0
0
0
0
0
0
0
0
0
0
0
0
0
0
0
0
0
0
0
0
0
0
0
0
0
0
0
0
0
0
0
0
0
0
0
0
0
0
0
0
0
0
0
0
0
0
0
0
0
0
0
0
0
0
0
0
0
0
0
0
0
0
0
0
0
0
0
0
0
0
0
0
0
0
0
0
0
0
0
0
0
0
0
0
0
0
0
0
0
0
0
0
0
0
0
0
0
0
0
0
0
0
0
0
0
0
0
0
0
0
0
0
0
0
0
0
0
0
0
0
0
0
0
0
0
0
0
0
0
0
0
0
0
0
0
0
0
0
0
0
0
0
0
0
0
0
0
0
0
0
0
0
0
0
0
0
0
0
0
0
0
0
0
0
0
0
0
0
0
0
0
0
0
0
0
0
0
0
0
0
0
0
0
0
0
0
0
0
0
0
0
0
0
0
0
0
0
0
0
0
0
0
0
0
0
0
0
0
0
0
0
0
0
0
0
0
0
0
0
0
0
0
0
0
0
0
0
0
0
0
0
0
0
0
0
0
0
0
0
0
0
0
0
0
0
0
0
0
0
0
0
0
0
0
0
0
0
0
0
0
0
0
0
0
0
0
0
0
0
0
0
0
0
0
0
0
0
0
0
0
0
0
0
0
0
0
0
0
0
0
0
0
0
0
0
0
0
0
0
0
0
0
0
0
0
0
0
0
0
0
0
0
0
0
0
0
0
0
0
0
0
0
0
0
0
0
0
0
0
0
0
0
0
0
0
0
0
0
0
0
0
0
0
0
0
0
0
0
0
0
0
0
0
0
0
0
0
0
0
0
0
0
0
0
0
0
0
0
0
0
0
0
0
0
0
0
0
0
0
0
0
0
0
0
0
0
0
0
0
0
0
0
0
0
0
0
0
0
0
0
0
0
0
0
0
0
0
0
0
0
0
0
0
0
0
0
0
0
0
0
0
0
0
0
0
0
0
0
0
0
0
0
0
0
0
0
0
0
0
0
0
0
0
0
0
0
0
0
0
0
0
0
0
0
0
0
0
0
0
0
0
0
0
0
0
0
0
0
0
0
0
0
0
0
0
0
0
0
0
0
0
0
0
0
0
0
0
0
0
0
0
0
0
0
0
0
0
0
0
0
0
0
0
0
0
0
0
0
0
0
0
0
0
0
0
0
0
0
0
0
0
0
0
0
0
0
0
0
0
0
0
0
0
0
0
0
0
0
0
0
0
0
0
0
0
0
0
0
0
0
0
0
0
0
0
0
0
0
0
0
0
0
0
0
0
0
0
0
0
0
0
0
0
0
0
0
0
0
0
0
0
0
0
0
0
0
0
0
0
0
0
0
0
0
0
0
0
0
0
0
0
0
0
0
0
0
0
0
0
0
0
0
0
0
0
0
0
0
0
0
0
0
0
0
0
0
0
0
0
0
0
0
0
0
0
0
0
0
0
0
0
0
0
0
0
0
0
0
0
0
0
0
0
0
0
0
0
0
0
0
0
0
0
0
0
0
0
0
0
0
0
0
0
0
0
0
0
0
0
0
0
0
0
0
0
0
0
0
0
0
0
0
0
0
0
0
0
0
0
0
0
0
0
0
0
0
0
0
0
0
0
0
0
0
0
0
0
0
0
0
0
0
0
0
0
0
0
0
0
0
0
0
0
0
0
0
0
0
0
0
0
0
0
0
0
0
0
0
0
0
0
0
0
0
0
0
0
0
0
0
0
0
0
0
0
0
0
0
0
0
0
0
0
0
0
0
0
0
0
0
0
0
0
0
0
0
0
0
0
0
0
0
0
0
0
0
0
0
0
0
0
0
0
0
0
0
0
0
0
0
0
0
0
0
0
0
0
0
0
0
0
0
0
0
0
0
0
0
0
0
0
0
0
0
0
0
0
0
0
0
0
0
0
0
0
0
0
0
0
0
0
0
0
0
0
0
0
0
0
0
0
0
0
0
0
0
0
0
0
0
0
0
0
0
0
0
0
0
0
0
0
0
0
0
0
0
0
0
0
0
0
0
0
0
0
0
0
0
0
0
0
0
0
0
0
0
0
0
0
0
0
0
0
0
0
0
0
0
0
0
0
0
0
0
0
0
0
0
0
0
0
0
0
0
0
0
0
0
0
0
0
0
0
0
0
0
0
0
0
0
0
0
0
0
0
0
0
0
0
0
0
0
0
0
0
0
0
0
0
0
0
0
0
0
0
0
0
0
0
0
0
0
0
0
0
0
0
0
0
0
0
0
0
0
0
0
0
0
0
0
0
0
0
0
0
0
0
0
0
0
0
0
0
0
0
0
0
0
0
0
0
0
0
0
0
0
0
0
0
0
0
0
0
0
0
0
0
0
0
0
0
0
0
0
0
0
0
0
0
0
0
0
0
0
0
0
0
0
0
0
0
0
0
0
0
0
0
0
0
0
0
0
0
0
0
0
0
0
0
0
0
0
0
0
0
0
0
0
0
0
0
0
0
0
0
0
0
0
0
0
0
0
0
0
0
0
0
0
0
0
0
0
0
0
0
0
0
0
0
0
0
0
0
0
0
0
0
0
0
0
0
0
0
0
0
0
0
0
0
0
0
0
0
0
0
0
0
0
0
0
0
0
0
0
0
0
0
0
0
0
0
0
0
0
0
0
0
0
0
0
0
0
0
0
0
0
0
0
0
0
0
0
0
0
0
