1
7
26
121
438
589
496
358
163
43
23
21
21
8
6
10
4
8
3
9
3
6
6
5
2
1
7
3
2
3
3
3
5
7
2
5
7
7
3
6
6
7
3
9
5
3
10
2
8
9
10
6
8
6
15
6
6
9
9
9
11
6
11
14
10
9
11
9
15
11
16
21
10
20
13
11
20
20
22
22
17
22
24
26
42
17
23
25
28
21
33
28
40
30
35
32
29
29
31
38
30
40
33
42
38
49
41
49
37
41
44
50
49
40
50
50
56
47
56
63
52
58
61
59
70
70
76
58
63
94
78
89
90
91
97
91
92
109
112
85
112
120
113
129
158
138
137
156
174
158
170
167
175
197
186
225
214
238
229
269
257
284
317
326
325
345
349
356
357
421
408
454
403
475
468
492
530
505
554
552
598
623
653
665
692
726
708
753
796
837
853
803
876
883
901
921
940
960
1018
941
1096
1111
1045
1045
1099
1063
1143
1091
1098
1077
1146
1171
1142
1115
1150
1121
1082
1177
1069
1223
1157
1150
1138
1095
1069
1136
1155
1054
1101
1096
1074
1100
1082
1099
1111
1108
1148
1067
1069
1045
1116
1128
1072
1107
1081
1084
1105
1078
1070
1106
1048
1070
1042
1092
1049
1020
1092
997
1052
1022
963
1019
1016
975
938
956
993
929
950
911
928
925
898
925
929
898
964
900
961
945
921
934
870
905
882
882
936
1007
982
925
920
917
859
932
961
959
888
959
878
933
883
927
954
877
877
826
865
848
834
779
866
839
772
773
809
743
750
789
734
732
705
684
701
717
691
703
683
679
673
604
614
648
611
672
582
600
633
619
617
600
599
587
596
627
588
566
555
617
597
569
619
594
587
587
520
571
548
609
584
566
547
555
560
585
515
537
564
516
572
522
546
550
577
499
560
544
525
589
493
539
514
522
457
521
526
497
505
496
537
518
522
511
492
518
514
503
506
489
522
485
477
516
499
518
524
545
501
492
524
543
542
543
483
476
509
512
459
467
509
495
535
513
514
487
479
488
491
483
503
482
502
494
457
460
509
467
487
480
492
460
451
475
438
460
518
401
450
427
397
457
452
396
437
413
391
406
436
378
411
396
423
412
425
437
410
456
400
406
397
433
416
425
435
412
411
483
437
417
420
447
421
449
494
471
445
472
448
454
430
475
434
452
469
469
427
480
472
468
460
445
456
433
480
451
430
471
455
442
454
456
408
470
442
423
423
437
428
416
393
398
408
388
388
375
368
341
371
360
336
319
311
318
345
327
298
327
306
302
292
306
304
322
276
285
290
262
295
269
280
266
286
285
254
279
260
268
271
263
256
236
255
265
253
282
246
233
248
272
260
217
259
248
220
240
237
261
209
194
244
223
274
266
277
254
266
256
256
259
252
233
243
263
254
239
230
258
234
222
228
251
240
216
262
247
217
223
254
211
247
260
231
230
245
243
245
254
215
257
226
233
252
259
248
251
232
244
264
266
217
224
254
233
248
237
236
266
238
215
215
222
225
239
215
252
209
221
214
255
218
206
253
235
199
219
214
227
214
220
209
248
209
230
248
220
202
221
214
220
221
180
240
217
195
194
214
214
201
200
192
224
202
191
205
198
211
196
186
194
199
227
180
192
208
170
207
222
181
195
212
196
192
160
213
187
187
189
185
189
212
192
204
192
191
179
181
178
204
195
216
230
193
201
210
181
193
196
217
198
231
198
207
224
238
198
214
206
218
178
187
196
180
210
205
197
219
183
201
179
191
206
210
201
211
208
214
218
221
211
210
193
232
189
214
184
191
200
209
201
184
185
183
191
187
197
182
202
177
178
201
176
191
212
190
185
180
190
191
157
172
183
194
185
179
159
171
176
168
164
158
153
165
175
162
181
178
153
164
151
164
158
152
156
172
148
138
147
149
145
152
149
166
147
154
144
154
165
168
132
154
151
163
142
142
157
156
135
146
145
153
158
135
183
170
162
141
190
142
170
166
159
151
164
148
171
140
160
176
153
161
141
167
163
167
140
165
149
157
170
194
163
168
155
173
153
164
175
154
171
169
153
155
175
171
184
163
164
174
187
166
149
174
153
165
154
173
170
186
151
149
146
156
147
170
150
152
149
153
149
144
146
141
157
154
175
152
138
149
125
154
129
144
149
177
144
135
136
150
144
164
154
124
135
144
125
121
136
138
125
123
140
109
119
112
114
137
102
137
100
151
131
113
128
122
113
142
103
97
116
103
129
130
94
122
119
108
128
101
100
102
96
102
111
113
95
96
103
121
90
107
115
104
102
112
104
99
85
84
83
78
93
102
84
85
90
93
73
101
105
92
87
93
83
70
91
69
85
86
72
85
71
80
76
102
81
78
89
80
59
89
80
75
59
59
68
70
83
77
76
76
86
67
93
74
65
73
65
65
77
87
76
89
84
70
62
80
82
75
83
86
83
81
79
97
90
79
100
99
92
88
97
93
112
95
96
101
93
101
88
131
119
118
111
119
110
124
145
146
116
144
176
143
181
161
159
148
184
169
168
182
175
159
205
195
195
179
202
176
189
209
198
213
212
192
193
213
192
215
206
221
211
196
218
211
219
199
220
191
214
180
205
189
205
199
204
188
168
172
157
164
177
162
152
158
163
151
145
144
129
118
123
132
105
124
98
104
90
112
127
101
114
90
111
86
83
86
68
68
79
64
62
58
71
68
62
66
68
59
69
66
56
61
59
61
44
44
47
63
62
55
49
41
43
51
48
40
50
28
42
45
56
43
37
33
36
51
43
35
46
43
28
38
34
35
30
28
44
47
36
44
51
32
28
44
37
32
29
46
37
41
33
40
31
28
41
40
37
40
40
38
29
48
44
41
30
27
37
42
25
33
35
36
42
47
35
47
25
37
39
45
40
47
45
45
50
38
46
49
59
44
46
49
52
46
50
52
51
63
44
50
47
47
63
48
42
37
55
37
43
63
53
49
50
46
64
53
49
37
46
48
57
47
56
44
47
62
36
37
44
41
43
41
47
35
57
54
48
41
46
39
38
28
30
39
30
36
40
40
40
29
43
29
27
32
34
27
49
30
41
40
29
19
44
32
35
34
26
27
32
34
25
37
30
29
28
33
26
37
30
35
35
25
21
20
34
26
26
37
28
28
17
21
21
24
25
19
29
18
13
23
26
30
22
18
20
19
16
15
22
17
21
22
14
25
15
22
16
14
23
20
21
28
14
18
19
22
19
27
20
20
21
20
20
22
26
17
19
23
24
27
23
19
20
16
20
22
22
21
21
20
17
27
22
26
24
23
20
23
18
28
26
21
19
33
20
21
23
21
30
21
36
24
29
32
33
27
28
36
25
28
26
24
33
35
29
26
31
30
30
32
22
31
21
34
34
22
27
34
38
26
30
37
25
33
19
28
33
34
28
44
21
41
46
33
38
36
31
22
35
33
30
42
21
31
36
30
33
35
32
24
21
24
31
26
28
45
31
32
33
19
28
24
39
22
25
25
28
15
28
23
22
26
16
25
22
25
29
24
27
29
24
20
25
23
22
26
22
18
17
24
25
14
15
26
20
13
19
23
20
18
20
16
20
17
18
18
22
14
10
17
11
17
13
13
14
18
21
10
16
15
19
19
25
15
23
10
17
18
16
24
13
6
17
12
18
11
13
17
17
7
11
13
14
16
22
10
17
18
17
17
14
12
12
7
19
14
14
18
10
10
18
7
15
12
19
16
8
11
13
14
15
14
13
17
25
16
32
14
24
18
23
14
27
25
33
23
32
32
15
25
23
22
27
30
22
35
32
30
37
31
23
29
35
35
32
33
22
36
29
32
28
37
24
20
17
25
24
30
25
25
30
18
17
24
16
14
13
20
17
17
27
19
17
14
15
13
16
17
8
12
9
10
11
12
10
13
5
8
12
14
2
9
5
11
9
4
8
8
5
4
2
4
6
7
7
5
1
5
5
6
2
5
10
4
4
2
2
6
10
4
4
2
3
4
4
7
0
6
2
1
4
4
3
5
4
6
6
10
2
7
5
5
1
3
2
0
3
5
8
6
5
2
1
2
3
5
5
4
1
11
3
2
4
5
3
7
4
7
5
6
2
4
1
5
3
4
5
6
5
5
5
6
6
4
5
6
3
5
6
8
5
4
4
5
3
5
7
2
7
3
10
6
4
10
4
11
7
5
10
5
7
7
6
8
7
9
3
8
4
5
6
6
10
9
4
11
5
11
7
9
6
8
6
10
7
13
7
8
3
6
6
8
12
7
12
8
13
5
9
14
5
10
5
11
7
7
9
6
9
9
10
9
8
10
6
6
3
8
5
6
8
8
9
5
7
7
11
10
8
9
2
9
15
8
6
9
10
8
3
10
8
12
9
8
8
8
12
17
4
10
10
12
8
10
13
12
9
12
7
8
9
9
7
10
9
6
6
9
9
8
9
6
8
11
5
8
12
4
9
12
11
9
8
6
6
9
8
11
14
14
8
9
10
10
8
8
11
7
12
9
8
10
12
7
9
5
9
9
8
9
11
11
10
7
13
10
8
8
12
13
7
16
10
5
11
9
12
10
4
4
12
6
8
7
12
8
5
8
10
16
8
12
5
3
7
5
10
12
8
5
13
15
10
4
8
6
7
7
5
10
10
11
9
16
8
10
5
13
8
8
5
10
5
7
8
5
11
15
11
8
6
9
4
9
13
8
9
11
11
10
7
8
12
8
9
7
7
6
10
7
4
10
6
6
14
8
8
14
12
8
8
7
7
10
13
14
11
10
11
11
6
10
11
11
14
7
9
6
8
11
12
6
4
8
8
8
8
6
9
8
6
8
8
9
8
10
13
12
8
13
7
4
10
8
6
10
7
6
11
8
10
7
9
6
9
8
10
9
8
9
9
8
11
8
6
7
17
9
9
11
8
9
10
4
15
11
6
12
11
8
3
10
10
7
6
5
6
10
4
6
10
8
15
8
6
5
10
5
6
9
12
7
9
3
12
8
5
4
8
7
12
4
10
5
8
4
6
5
7
8
8
13
3
17
11
9
9
7
11
7
7
4
5
1
11
7
7
6
10
10
8
11
9
12
4
5
11
9
8
8
4
6
3
10
8
13
8
7
7
1
4
10
4
10
9
7
8
3
7
7
7
4
14
12
7
13
8
4
8
6
9
5
14
11
7
8
9
12
7
7
6
6
6
10
7
4
1
6
2
6
10
11
13
11
7
7
4
2
10
9
5
7
8
6
4
12
9
8
5
4
9
6
6
15
7
5
6
4
8
6
8
8
10
5
6
5
5
12
11
10
8
6
11
4
8
6
5
4
6
6
11
3
4
11
5
10
6
3
6
4
8
3
8
6
8
9
5
5
8
5
7
4
6
3
8
6
7
8
5
9
8
3
9
4
5
10
5
7
4
10
5
3
1
2
7
6
13
8
9
13
6
11
9
7
7
3
5
6
4
5
4
8
9
3
6
10
8
5
3
9
8
9
9
7
4
4
7
10
2
8
5
5
4
7
8
4
4
5
9
9
6
7
6
4
6
10
8
8
5
7
6
6
10
9
6
3
8
8
9
10
8
5
5
5
4
7
8
4
5
6
8
7
8
4
2
8
5
5
9
11
7
10
7
10
5
9
9
10
8
8
5
7
9
7
5
6
11
6
11
6
10
3
6
8
12
6
5
11
8
8
9
13
11
8
6
11
7
10
10
10
4
11
14
5
8
9
9
5
8
7
7
10
9
2
8
9
13
7
4
6
13
7
5
6
4
9
11
9
6
6
6
7
5
6
9
8
4
6
7
8
6
8
8
13
11
9
9
4
8
7
10
13
9
10
8
7
6
8
10
9
3
8
8
9
12
9
12
7
6
6
7
6
11
10
6
11
9
9
9
12
5
12
9
5
8
13
7
13
5
12
5
11
14
6
7
9
7
11
13
8
11
11
10
11
15
11
7
9
8
5
10
7
6
4
12
11
10
3
10
15
10
9
10
10
8
5
9
6
6
11
11
10
7
9
2
8
3
9
6
6
13
7
7
8
6
7
15
7
12
5
10
8
11
13
6
10
14
7
9
13
8
9
6
15
8
10
13
7
6
11
10
11
9
7
14
12
5
8
8
13
9
12
7
10
7
10
10
9
7
10
7
8
11
8
19
7
12
10
9
10
4
18
12
10
10
10
10
12
10
7
10
13
12
9
11
18
8
11
10
7
6
8
10
5
8
11
7
10
11
9
6
9
5
9
9
11
7
6
10
13
10
14
6
3
10
9
10
12
5
6
12
7
10
5
8
10
3
7
8
7
5
7
4
8
7
9
4
5
9
6
2
1
4
4
3
4
2
3
1
6
2
7
3
3
3
5
3
2
5
3
0
2
1
4
1
3
1
0
0
0
0
2
0
1
2
1
0
0
0
0
1
0
0
0
0
0
0
0
0
0
0
0
0
0
0
0
0
0
0
0
1
1
0
0
0
0
0
0
0
0
0
0
0
0
0
0
0
0
0
0
0
0
0
0
0
0
0
0
0
0
0
0
0
0
0
0
0
0
0
0
0
0
0
0
0
0
0
0
0
0
0
0
0
0
0
0
0
0
0
0
0
0
0
0
0
0
0
0
0
0
0
0
0
0
0
0
0
0
0
0
0
0
0
0
0
0
0
0
0
0
0
0
0
0
0
0
0
0
0
0
0
0
0
0
0
0
0
0
0
0
0
0
0
0
0
0
0
0
0
0
0
0
0
0
0
0
0
0
0
0
0
0
0
0
0
0
0
0
0
0
0
0
0
0
0
0
0
0
0
0
0
0
0
0
0
0
0
0
0
0
0
0
0
0
0
0
0
0
0
0
0
0
0
0
0
0
0
0
0
0
0
0
0
0
0
0
0
0
0
0
0
0
0
0
0
0
0
0
0
0
0
0
0
0
0
0
0
0
0
0
0
0
0
0
0
0
0
0
0
0
0
0
0
0
0
0
0
0
0
0
0
0
0
0
0
0
0
0
0
0
0
0
0
0
0
0
0
0
0
0
0
0
0
0
0
0
0
0
0
0
0
0
0
0
0
0
0
0
0
0
0
0
0
0
0
0
0
0
0
0
0
0
0
1
0
0
0
0
0
0
0
0
0
0
0
0
0
0
0
0
0
0
0
0
0
0
0
0
0
0
0
0
0
0
0
0
0
0
0
0
0
0
0
0
0
0
0
0
0
0
0
0
0
0
0
0
0
0
0
0
0
0
0
0
0
0
0
0
0
0
0
0
0
0
0
0
0
0
0
0
0
0
0
0
0
0
0
0
0
0
0
0
0
0
0
0
0
0
0
0
0
0
0
0
0
0
0
0
0
0
0
0
0
0
0
0
0
0
0
0
0
0
0
0
0
0
0
0
0
0
0
0
0
0
0
0
0
0
0
0
0
0
0
0
0
0
0
0
0
0
0
0
0
0
0
0
0
0
0
0
0
0
0
0
0
0
0
0
0
0
0
0
0
0
0
0
0
0
0
0
0
0
0
0
0
0
0
0
0
0
0
0
0
0
0
0
0
0
0
0
0
0
0
0
0
0
0
0
0
0
0
0
0
0
0
0
0
0
0
1
0
0
0
0
0
0
0
0
0
0
0
0
0
0
0
0
0
0
0
0
0
0
0
0
0
0
0
0
0
0
0
0
0
0
0
0
0
0
0
0
0
0
0
0
0
0
0
0
0
0
0
0
0
0
0
0
0
0
0
0
0
0
0
0
0
0
0
0
0
0
0
0
0
0
0
0
0
0
0
0
0
0
0
0
0
0
0
0
0
0
0
0
0
0
0
0
0
0
0
0
0
0
0
0
0
0
0
0
0
0
0
0
0
0
0
0
0
0
0
0
0
0
0
0
0
0
0
0
0
0
0
0
0
0
0
0
0
0
0
0
0
0
0
0
0
0
0
0
0
0
0
0
0
0
0
0
0
0
0
0
0
0
0
0
0
0
0
0
0
0
0
0
0
0
0
0
0
0
0
0
0
0
0
0
0
0
0
0
0
0
0
0
0
0
0
0
0
0
0
0
0
0
0
0
0
0
0
0
0
0
0
0
0
0
0
0
0
0
0
0
0
0
0
0
0
0
0
0
0
0
0
0
0
0
0
0
0
0
0
0
0
0
0
0
0
0
0
0
0
0
0
0
0
0
0
0
0
0
0
0
0
0
0
0
0
0
0
0
0
0
0
0
0
0
0
0
0
0
0
0
0
0
0
0
0
0
0
0
0
0
0
0
0
0
0
0
0
0
0
0
0
0
0
0
0
0
0
0
0
0
0
0
0
0
0
0
0
0
0
0
0
0
0
0
0
0
0
0
0
0
0
0
0
0
0
0
0
0
0
0
0
0
0
0
0
0
0
0
0
0
0
0
0
0
0
0
0
0
0
0
0
0
0
0
0
0
0
0
0
0
0
0
0
0
0
0
0
0
0
0
0
0
0
0
0
0
0
0
0
0
0
0
0
0
0
0
0
0
0
0
0
0
0
0
0
0
0
0
0
0
0
0
0
0
0
0
0
0
0
0
0
0
0
0
0
0
0
0
0
0
0
0
0
0
0
0
0
0
0
0
0
0
0
0
0
0
0
0
0
0
0
0
0
0
0
0
0
0
0
0
0
0
0
0
0
0
0
0
0
0
0
0
0
0
0
0
0
0
0
0
0
0
0
0
0
0
0
0
0
0
0
0
0
0
0
0
0
0
0
0
0
0
0
0
0
0
0
0
0
0
0
0
0
0
0
0
0
0
0
0
0
0
0
0
0
0
0
0
0
0
0
0
0
0
0
0
0
0
0
0
0
0
0
0
0
0
0
0
0
0
0
0
0
0
0
0
0
0
0
0
0
0
0
0
0
0
0
0
0
0
0
0
0
0
0
0
0
0
0
0
0
0
0
0
0
0
0
0
0
0
0
0
0
0
0
0
0
0
0
0
0
0
0
0
0
0
0
0
0
0
0
0
0
0
0
0
0
0
0
0
0
0
0
0
0
0
0
0
0
0
0
0
0
0
0
0
0
0
0
0
0
0
0
0
0
0
0
0
0
0
0
0
0
0
0
0
0
0
0
0
0
0
0
0
0
0
0
0
0
0
0
0
0
0
0
0
0
0
0
0
0
0
0
0
0
0
0
0
0
0
0
0
0
0
0
0
0
0
0
0
0
0
0
0
0
0
0
0
0
0
0
0
0
0
0
0
0
0
0
0
0
0
0
0
0
0
0
0
0
0
0
0
0
0
0
0
0
0
0
0
0
0
0
0
0
0
0
0
0
0
0
0
0
0
0
0
0
0
0
0
0
0
0
0
0
0
0
0
0
0
0
0
0
0
0
0
