70
176
2162
12173
16935
8283
2944
801
121
38
23
23
15
22
16
17
21
19
15
12
10
12
17
18
10
20
14
24
14
20
23
13
13
14
23
16
14
26
31
21
25
15
22
26
21
32
39
34
39
24
37
30
39
38
39
40
33
37
49
43
47
49
40
45
61
44
51
52
54
61
53
70
63
72
74
78
79
75
69
73
84
88
89
78
107
102
106
100
86
89
112
89
132
120
101
112
126
110
109
130
115
135
151
148
148
147
168
149
167
179
164
179
173
173
187
212
180
201
192
205
255
230
237
246
243
282
261
293
281
283
313
311
354
356
354
373
388
383
458
454
481
488
470
522
550
536
621
591
664
614
650
685
718
763
780
765
826
856
872
920
975
1003
1020
1053
1102
1173
1190
1168
1218
1276
1298
1342
1376
1338
1337
1409
1456
1482
1503
1492
1510
1587
1610
1583
1620
1683
1675
1635
1719
1661
1698
1722
1861
1831
1825
1824
1757
1873
1887
1863
1934
1961
1874
1956
1835
1837
1961
1922
1946
1892
1907
1960
1866
1939
1898
1799
1956
1921
1899
1871
1868
1813
1876
1890
1866
1794
1897
1827
1849
1757
1879
1818
1744
1782
1727
1803
1817
1802
1772
1810
1753
1760
1708
1711
1769
1706
1699
1800
1777
1786
1727
1787
1669
1674
1724
1684
1687
1624
1694
1705
1738
1624
1689
1711
1703
1705
1597
1632
1584
1634
1622
1568
1576
1610
1544
1623
1614
1592
1554
1552
1561
1676
1597
1570
1511
1548
1594
1583
1575
1527
1535
1548
1640
1597
1506
1600
1586
1547
1555
1581
1624
1535
1614
1567
1551
1572
1451
1517
1488
1529
1499
1484
1477
1429
1434
1441
1397
1510
1397
1393
1367
1332
1341
1345
1383
1287
1390
1370
1309
1313
1369
1313
1351
1358
1286
1243
1310
1373
1296
1300
1261
1288
1235
1306
1291
1272
1330
1296
1306
1235
1239
1314
1308
1267
1305
1329
1273
1226
1314
1221
1244
1236
1258
1194
1264
1265
1192
1225
1209
1198
1206
1181
1214
1145
1195
1146
1130
1165
1129
1148
1110
1105
1160
1101
1137
1042
1010
1084
1083
1045
1003
982
1032
1019
1020
1060
953
1019
997
999
981
952
889
943
968
949
956
993
934
989
926
909
863
871
928
908
909
923
896
927
942
925
911
893
870
889
918
888
942
903
880
871
863
906
902
849
912
910
852
841
829
852
842
850
868
842
821
829
806
800
785
816
806
782
832
815
857
850
784
825
796
745
819
834
788
776
815
738
766
786
807
764
738
720
752
777
755
762
813
790
793
792
761
829
849
824
795
865
838
846
786
817
902
856
887
844
866
879
877
904
890
938
923
886
917
1002
938
1064
1089
1068
1074
1128
1186
1196
1193
1244
1258
1310
1303
1440
1452
1515
1552
1529
1616
1652
1749
1770
1908
1915
2027
2117
2182
2275
2272
2364
2429
2468
2580
2672
2750
2772
2807
2808
2948
2957
2958
3016
3049
3106
3157
3000
3104
3019
3018
3045
3021
2911
2908
2758
2872
2743
2632
2573
2462
2419
2330
2321
2211
2169
2053
1888
1863
1771
1688
1497
1565
1405
1344
1277
1188
1130
1086
1032
935
853
832
733
636
681
628
584
505
557
564
484
474
426
404
406
363
375
321
300
331
320
302
286
287
285
282
282
271
296
256
265
266
242
249
228
217
244
231
255
237
254
237
279
225
209
226
239
253
260
219
273
248
234
241
236
234
230
246
230
196
254
207
230
212
226
228
230
251
214
202
235
212
240
235
231
223
204
205
244
214
202
216
203
221
205
231
208
222
232
188
204
213
239
200
198
214
208
195
222
207
216
203
197
195
217
189
225
221
202
208
201
198
185
201
197
213
193
219
211
203
204
210
195
208
225
201
205
190
202
190
195
206
210
210
238
192
208
170
208
222
197
218
204
212
217
217
217
186
208
193
207
192
224
228
232
187
206
206
200
201
198
208
206
193
200
199
239
233
218
207
198
194
209
203
185
199
192
167
187
191
190
197
199
185
214
193
199
209
189
203
213
183
187
195
193
174
190
192
161
179
185
197
186
180
174
193
175
185
183
224
187
169
199
174
182
169
183
176
167
181
184
178
164
177
171
172
160
186
168
160
147
150
160
174
135
150
140
155
156
159
127
155
146
146
137
167
155
168
140
156
137
138
154
189
152
152
164
131
140
151
149
150
129
140
147
145
171
148
147
154
148
131
168
168
144
154
146
160
187
175
166
144
170
170
169
164
175
187
158
195
152
137
172
157
160
145
205
157
167
149
159
162
183
181
164
167
201
176
183
180
169
188
164
160
175
177
184
165
161
147
145
196
162
172
153
179
168
146
175
158
173
145
157
141
129
164
144
161
139
166
166
139
153
167
142
152
148
151
118
126
137
142
151
126
129
105
147
142
159
121
152
132
120
126
137
129
113
113
128
124
94
104
113
106
129
132
135
120
112
126
115
113
141
144
111
101
124
119
117
110
127
86
103
105
111
114
109
108
97
110
114
107
103
103
96
100
95
114
96
105
97
90
96
97
91
110
83
96
100
101
79
73
81
87
106
75
90
86
83
99
81
84
86
78
84
105
77
74
83
87
76
80
93
82
74
67
69
62
79
78
69
70
91
80
82
77
70
89
77
84
78
70
93
88
74
107
92
86
63
68
95
84
74
102
97
88
105
84
103
93
78
82
98
88
115
99
109
121
94
110
126
119
120
126
131
114
147
141
141
128
160
142
149
164
161
189
173
182
183
163
166
152
217
174
187
199
184
213
210
217
203
199
212
229
232
228
193
232
208
223
208
203
220
214
201
239
236
220
220
211
183
231
186
207
230
185
186
198
183
209
200
168
185
157
160
158
149
166
161
156
159
137
150
148
111
119
124
134
122
128
105
106
109
106
76
101
91
85
99
74
92
82
85
74
89
66
58
60
68
61
73
57
55
58
52
58
59
49
58
57
62
58
54
76
45
38
40
50
38
36
46
52
44
30
44
42
34
32
43
43
45
60
34
30
38
44
41
33
46
34
39
32
42
42
39
42
43
43
44
42
37
41
41
30
31
38
35
36
41
38
48
30
37
39
34
36
39
47
35
45
45
37
47
36
46
46
35
42
38
37
50
48
39
45
44
37
43
42
45
49
41
47
39
41
42
42
48
45
67
48
51
47
56
53
66
62
49
53
48
51
36
46
47
50
54
48
40
46
47
52
56
58
33
42
50
44
49
43
44
43
41
52
43
38
40
42
44
44
41
37
34
50
37
38
44
43
46
47
48
34
44
45
53
32
40
30
31
44
32
27
37
30
37
39
42
29
50
37
28
36
40
30
22
28
33
33
23
31
36
32
27
25
26
30
29
32
19
22
24
21
24
25
22
28
30
24
25
20
15
18
20
23
28
27
22
24
16
26
20
30
23
18
20
23
21
26
22
26
25
22
28
21
18
15
22
21
27
30
20
24
14
14
20
26
24
13
25
18
23
15
24
16
26
28
26
13
24
21
28
24
23
21
20
26
16
19
19
28
22
29
23
18
25
32
25
22
25
25
18
29
17
16
27
25
28
24
34
30
24
25
24
23
14
24
31
31
30
30
24
27
31
30
32
41
24
29
38
34
31
27
23
38
26
34
30
34
31
29
35
30
35
29
27
26
26
42
31
26
37
29
29
38
29
28
47
25
33
34
21
28
25
35
18
28
28
28
21
23
25
28
28
28
29
23
20
24
24
31
16
33
14
28
26
24
27
32
17
17
22
29
25
27
22
18
16
15
21
18
13
27
25
23
21
19
21
23
22
25
18
19
26
15
20
17
17
15
17
18
22
22
18
18
7
16
17
14
7
21
20
18
9
16
10
16
22
14
11
9
16
12
12
13
14
14
12
10
12
14
9
17
17
21
17
12
14
16
13
13
9
14
14
12
15
14
21
16
14
9
16
11
14
8
12
11
10
10
17
14
20
15
23
16
21
17
10
22
18
25
13
10
25
26
26
32
26
21
18
23
28
14
19
23
24
35
43
27
26
31
31
44
36
29
37
25
35
29
26
29
33
25
18
20
35
26
27
23
24
38
22
27
14
31
18
20
30
22
18
20
19
22
21
20
26
18
19
13
15
19
6
18
14
11
11
11
13
15
12
7
14
6
8
9
11
6
9
8
12
13
6
7
6
8
8
8
5
7
3
7
4
5
7
6
3
5
7
6
8
7
6
0
4
2
3
5
4
6
4
7
3
3
3
3
4
6
9
7
4
5
6
1
2
3
5
3
5
2
2
5
2
2
3
6
4
3
3
1
7
1
2
9
6
5
1
5
6
11
8
2
10
3
12
8
4
9
6
3
2
3
5
2
7
2
3
2
9
3
3
6
6
4
4
10
5
3
7
8
5
6
6
4
4
9
6
4
6
4
7
6
12
5
7
7
3
7
5
5
5
7
7
7
9
3
10
3
2
7
9
7
4
15
10
8
7
16
9
11
10
5
7
7
8
10
6
10
5
6
6
9
8
11
8
11
8
13
9
12
13
9
5
9
9
16
7
13
6
11
7
9
6
10
6
9
6
11
16
5
7
6
9
9
13
7
6
13
6
13
7
6
10
6
8
9
16
13
10
11
8
4
6
7
7
5
7
8
11
10
19
6
5
7
7
4
9
9
9
7
6
11
6
7
9
8
12
4
8
8
6
6
14
9
13
7
8
4
12
12
14
12
7
7
12
16
9
12
8
11
5
11
7
11
11
13
10
7
13
11
9
11
7
6
8
9
4
8
5
9
7
9
6
11
8
9
11
9
7
10
10
12
13
10
8
4
8
10
7
18
7
12
19
7
9
6
11
12
10
7
7
13
7
9
9
9
12
9
7
10
11
8
4
7
10
5
5
12
7
10
6
12
9
12
4
10
5
7
9
11
9
9
10
7
6
13
9
7
9
3
8
4
7
7
10
7
11
6
5
11
4
10
15
8
7
9
10
3
8
9
12
6
6
7
8
11
9
8
8
9
11
5
9
5
10
2
15
7
4
14
5
3
8
13
11
7
10
8
9
7
8
8
14
11
11
11
5
10
11
6
11
9
13
12
8
14
8
10
9
6
9
12
11
8
14
4
8
11
16
10
6
8
8
8
8
5
7
10
7
6
6
11
15
7
9
7
7
5
12
9
8
9
4
2
5
7
9
11
7
5
11
7
8
8
7
7
2
8
13
8
7
8
10
1
4
9
7
11
3
16
3
8
10
3
13
6
8
5
13
5
6
7
6
4
7
14
11
3
14
7
4
5
8
5
12
4
6
8
3
3
10
9
8
4
2
8
5
11
9
5
9
5
6
6
7
10
5
8
8
8
10
5
15
13
4
4
1
6
8
6
9
5
11
4
7
4
3
5
7
11
8
6
11
3
5
9
5
2
5
6
11
8
9
13
7
4
7
9
5
8
7
5
7
4
3
6
4
9
7
7
2
5
10
4
11
5
9
4
5
6
11
8
2
5
8
5
13
6
2
9
4
8
6
4
6
5
7
6
11
2
7
4
4
6
3
12
9
9
3
2
5
9
6
5
3
10
8
4
4
7
5
9
4
5
9
5
10
6
3
6
3
5
7
8
4
4
7
5
10
6
11
4
4
6
7
8
7
4
6
8
5
4
5
9
5
6
5
6
5
1
3
5
2
7
5
4
5
6
9
4
7
3
1
3
9
8
1
2
6
3
8
5
6
2
4
5
3
1
6
3
0
3
3
5
2
2
3
3
2
1
1
0
4
4
3
0
0
0
3
0
0
1
0
3
1
0
2
0
2
0
0
0
0
0
0
0
1
0
1
0
0
0
0
0
1
0
0
0
0
0
0
0
0
0
0
0
1
0
0
0
0
0
0
0
0
0
0
0
0
0
0
0
0
0
0
0
0
0
0
0
0
0
0
0
0
0
0
0
0
0
0
0
0
0
0
0
0
0
0
0
0
0
0
0
0
0
0
0
0
0
0
0
0
0
0
0
0
0
0
0
0
0
0
0
0
0
0
0
0
0
0
0
0
0
0
0
0
0
0
0
0
0
0
0
0
0
0
0
0
0
0
0
0
0
0
0
0
0
0
0
0
0
0
0
0
0
0
0
0
0
0
0
0
0
0
0
0
0
0
0
0
0
0
1
0
0
0
0
0
0
0
0
0
0
0
0
0
0
0
0
0
0
0
0
0
0
0
0
0
0
0
0
0
0
0
0
0
0
0
0
0
0
0
0
0
0
0
0
0
0
0
0
0
0
0
0
0
0
0
0
0
0
0
0
0
0
0
0
0
0
0
0
0
0
0
0
0
0
0
0
0
0
0
0
0
0
0
0
0
0
0
0
0
0
0
0
0
0
0
0
0
0
0
0
0
0
0
0
0
0
0
0
0
0
0
0
0
0
0
0
0
0
0
0
0
0
0
0
0
0
0
0
0
0
0
0
0
0
0
0
0
0
0
0
0
0
0
0
0
0
0
0
0
0
0
0
0
0
0
0
0
0
0
0
0
0
0
0
0
0
0
0
0
0
0
0
0
0
0
0
0
0
0
0
0
0
0
0
0
0
0
0
0
0
0
0
0
0
0
0
0
0
0
0
0
0
0
0
0
0
0
0
0
0
0
0
0
0
0
0
0
0
0
0
0
0
0
0
0
0
0
0
0
0
0
0
0
0
0
0
0
0
0
0
0
0
0
0
0
0
0
0
0
0
0
0
0
0
0
0
0
0
0
0
0
0
0
0
0
0
0
0
0
0
0
0
0
0
0
0
0
0
0
0
0
0
0
0
0
0
0
0
0
0
0
0
0
0
0
0
0
0
0
0
0
0
0
0
0
0
0
0
0
0
0
0
0
0
0
0
0
0
0
0
0
0
0
0
0
0
0
0
0
0
0
0
0
0
0
0
0
0
0
0
0
0
0
0
0
0
0
0
0
0
0
0
0
0
0
0
0
0
0
0
0
0
0
0
0
0
0
0
0
0
0
0
0
0
0
0
0
0
0
0
0
0
0
0
0
0
0
0
0
0
0
0
0
0
0
0
0
0
0
0
0
0
0
0
0
0
0
0
0
0
0
0
0
0
0
0
0
0
0
0
0
0
0
0
0
0
0
0
0
0
0
0
0
0
0
0
0
0
0
0
0
0
0
0
0
0
0
0
0
0
0
0
0
0
0
0
0
0
0
0
0
0
0
0
0
0
0
0
0
0
0
0
0
0
0
0
0
0
0
0
0
0
0
0
0
0
0
0
0
0
0
0
0
0
0
0
0
0
0
0
0
0
0
0
0
0
0
0
0
0
0
0
0
0
0
0
0
0
0
0
0
0
0
0
0
0
0
0
0
0
0
0
0
0
0
0
0
0
0
0
0
0
0
0
0
0
0
0
0
0
0
0
0
0
0
0
0
0
0
0
0
0
0
0
0
0
0
0
0
0
0
0
0
0
0
0
0
0
0
0
0
0
0
0
0
0
0
0
0
0
0
0
0
0
0
0
0
0
0
0
0
0
0
0
0
0
0
0
0
0
0
0
0
0
0
0
0
0
0
0
0
0
0
0
0
0
0
0
0
0
0
0
0
0
0
0
0
0
0
0
0
0
0
0
0
0
0
0
0
0
0
0
0
0
0
0
0
0
0
0
0
0
0
0
0
0
0
0
0
0
0
0
0
0
0
0
0
0
0
0
0
0
0
0
0
0
0
0
0
0
0
0
0
0
0
0
0
0
0
0
0
0
0
0
0
0
0
0
0
0
0
0
0
0
0
0
0
0
0
0
0
0
0
0
0
0
0
0
0
0
0
0
0
0
0
0
0
0
0
0
0
0
0
0
0
0
0
0
0
0
0
0
0
0
0
0
0
0
0
0
0
0
0
0
0
0
0
0
0
0
0
0
0
0
0
0
0
0
0
0
0
0
0
0
0
0
0
0
0
0
0
0
0
0
0
0
0
0
0
0
0
0
0
0
0
0
0
0
0
0
0
0
0
0
0
0
0
0
0
0
0
0
0
0
0
0
0
0
0
0
0
0
0
0
0
0
0
0
0
0
0
0
0
0
0
0
0
0
0
0
0
0
0
0
0
0
0
0
0
0
0
0
0
0
0
0
0
0
0
0
0
0
0
0
0
0
0
0
0
0
0
0
0
0
0
0
0
0
0
0
0
0
0
0
0
0
0
0
0
0
0
0
0
0
0
0
0
0
0
0
0
0
0
0
0
0
0
0
0
0
0
0
0
0
0
0
0
0
0
0
0
0
0
0
0
0
0
0
0
0
0
0
0
0
0
0
0
0
0
0
0
0
0
0
0
0
0
0
0
0
0
0
0
0
0
0
0
0
0
0
0
0
0
0
0
0
0
0
0
0
0
0
0
0
0
0
0
0
0
0
0
0
0
0
0
0
0
0
0
0
0
0
0
0
0
0
0
0
0
0
0
0
0
0
0
0
0
0
0
0
0
0
0
0
0
0
0
0
0
0
0
0
0
0
0
0
0
0
0
0
0
0
0
0
0
0
0
0
0
0
0
0
0
0
0
0
0
0
0
0
0
0
0
0
0
0
0
0
0
0
0
0
0
0
0
0
0
0
0
0
0
0
0
0
0
0
0
0
0
0
0
0
0
0
0
0
0
0
0
0
0
0
0
0
0
0
0
0
0
0
0
0
0
0
0
0
0
0
0
0
0
0
0
0
0
0
0
0
0
0
0
0
0
0
0
0
0
0
0
0
0
0
0
0
0
0
0
0
0
0
0
0
0
0
0
0
0
0
0
0
0
0
0
0
0
0
0
0
0
0
0
0
0
0
0
0
0
0
0
0
0
0
0
0
0
0
0
0
0
0
0
0
0
0
0
0
0
0
0
0
0
0
0
0
0
0
0
0
0
0
0
0
0
0
0
0
0
0
0
0
0
0
0
0
0
0
0
0
0
0
0
0
0
0
0
0
0
0
0
0
0
0
0
0
0
0
0
0
0
0
0
0
0
0
0
0
0
0
0
0
0
0
0
0
0
0
0
0
0
0
0
0
0
0
0
0
0
0
0
0
0
0
0
0
0
0
0
0
0
0
0
0
0
0
0
0
0
0
0
0
0
0
0
0
0
0
0
0
0
0
0
0
0
0
0
0
0
0
0
0
0
0
0
0
0
0
0
0
0
0
0
0
0
0
0
0
0
0
0
0
0
0
0
0
0
0
0
0
0
0
0
0
0
0
0
0
0
0
0
0
0
0
0
0
0
0
0
0
0
0
0
0
0
0
0
0
0
0
0
0
0
0
0
0
0
0
0
0
0
0
0
0
0
0
0
0
0
0
0
0
0
0
0
0
0
0
0
0
0
0
0
0
0
0
0
0
0
0
0
0
0
0
0
0
0
0
0
0
0
0
0
0
0
0
0
0
0
0
0
0
0
0
0
0
0
0
0
0
0
0
0
0
0
0
0
0
0
0
0
0
0
0
0
0
0
0
0
0
0
0
0
0
0
0
0
0
0
0
0
0
0
0
0
0
0
0
0
0
0
0
0
0
0
0
0
0
0
0
0
0
0
0
0
0
0
0
0
0
0
0
