0        -8.1     -25
-0.99    -7.97   -25.99
-1.96    -7.61   -26.96
-2.86    -7.01   -27.86
-3.68    -6.2    -28.68
-4.38    -5.21   -29.39
-4.96    -4.05   -29.96
-5.38    -2.77   -30.38
-5.64    -1.40   -30.64
-5.72     0      -30.73
0       8.1      -25
-0.99    7.97   -25.99
-1.96    7.61   -26.96
-2.86    7.01   -27.86
-3.68    6.2    -28.68
-4.38    5.21   -29.39
-4.96    4.05   -29.96
-5.38    2.77   -30.38
-5.64    1.40   -30.64
0.99    -7.97   -24.00
1.96    -7.61   -23.04
2.86    -7.01   -22.14
3.68    -6.2   -21.32
4.38    -5.21   -20.61
4.96    -4.05   -20.04
5.38    -2.77   -19.62
5.64    -1.40   -19.36
5.72     0      -19.27
0.99    7.97   -24.00
1.96    7.61   -23.04
2.86    7.01   -22.14
3.68    6.2    -21.32
4.38    5.21   -20.61
4.96    4.05   -20.04
5.38    2.77   -19.62
5.64    1.40   -19.36